2,1234567,5772
2,1234576,5772
2,1234657,3302
2,1234675,2846
2,1234765,2846
2,1234756,3036
2,1235467,5772
2,1235476,5772
2,1235647,3497
2,1235674,3077
2,1235764,3077
2,1235746,3252
2,1236547,1027
2,1236574,607
2,1236457,1027
2,1236475,571
2,1236745,151
2,1236754,151
2,1237564,341
2,1237546,516
2,1237654,151
2,1237645,151
2,1237465,326
2,1237456,516
2,1243567,4407
2,1243576,4407
2,1243657,1937
2,1243675,1481
2,1243765,1481
2,1243756,1671
2,1245367,2925
2,1245376,2925
2,1245637,2925
2,1245673,2925
2,1245763,2925
2,1245736,2925
2,1246537,1690
2,1246573,1690
2,1246357,1937
2,1246375,1481
2,1246735,1481
2,1246753,1462
2,1247563,1557
2,1247536,1557
2,1247653,1462
2,1247635,1481
2,1247365,1481
2,1247356,1671
2,1254367,2925
2,1254376,2925
2,1254637,2925
2,1254673,2925
2,1254763,2925
2,1254736,2925
2,1253467,4290
2,1253476,4290
2,1253647,2015
2,1253674,1595
2,1253764,1595
2,1253746,1770
2,1256347,2015
2,1256374,1595
2,1256437,1787.5
2,1256473,1787.5
2,1256743,1577.5
2,1256734,1595
2,1257364,1595
2,1257346,1770
2,1257634,1595
2,1257643,1577.5
2,1257463,1665
2,1257436,1665
2,1264537,552.5
2,1264573,552.5
2,1264357,799.5
2,1264375,343.5
2,1264735,343.5
2,1264753,324.5
2,1265437,552.5
2,1265473,552.5
2,1265347,780
2,1265374,360
2,1265734,360
2,1265743,342.5
2,1263547,1027
2,1263574,607
2,1263457,1027
2,1263475,571
2,1263745,151
2,1263754,151
2,1267534,132
2,1267543,114.5
2,1267354,151
2,1267345,151
2,1267435,133.5
2,1267453,114.5
2,1274563,297
2,1274536,297
2,1274653,202
2,1274635,221
2,1274365,221
2,1274356,411
2,1275463,297
2,1275436,297
2,1275643,209.5
2,1275634,227
2,1275364,227
2,1275346,402
2,1276543,114.5
2,1276534,132
2,1276453,114.5
2,1276435,133.5
2,1276345,151
2,1276354,151
2,1273564,341
2,1273546,516
2,1273654,151
2,1273645,151
2,1273465,326
2,1273456,516
2,1324567,3861
2,1324576,3861
2,1324657,1391
2,1324675,935
2,1324765,935
2,1324756,1125
2,1325467,3861
2,1325476,3861
2,1325647,1586
2,1325674,1166
2,1325764,1166
2,1325746,1341
2,1326547,-884
2,1326574,-1304
2,1326457,-884
2,1326475,-1340
2,1326745,-1760
2,1326754,-1760
2,1327564,-1570
2,1327546,-1395
2,1327654,-1760
2,1327645,-1760
2,1327465,-1585
2,1327456,-1395
2,1342567,3861
2,1342576,3861
2,1342657,1391
2,1342675,935
2,1342765,935
2,1342756,1125
2,1345267,3861
2,1345276,3861
2,1345627,7046
2,1345672,7634
2,1345762,7634
2,1345726,7389
2,1346527,4576
2,1346572,5164
2,1346257,4576
2,1346275,4120
2,1346725,4708
2,1346752,4708
2,1347562,4898
2,1347526,4653
2,1347652,4708
2,1347625,4708
2,1347265,4463
2,1347256,4653
2,1354267,3861
2,1354276,3861
2,1354627,7046
2,1354672,7634
2,1354762,7634
2,1354726,7389
2,1352467,3861
2,1352476,3861
2,1352647,1586
2,1352674,1166
2,1352764,1166
2,1352746,1341
2,1356247,4771
2,1356274,4351
2,1356427,4771
2,1356472,5359
2,1356742,4939
2,1356724,4939
2,1357264,4694
2,1357246,4869
2,1357624,4939
2,1357642,4939
2,1357462,5114
2,1357426,4869
2,1364527,2301
2,1364572,2889
2,1364257,2301
2,1364275,1845
2,1364725,2433
2,1364752,2433
2,1365427,2301
2,1365472,2889
2,1365247,2301
2,1365274,1881
2,1365724,2469
2,1365742,2469
2,1362547,2301
2,1362574,1881
2,1362457,2301
2,1362475,1845
2,1362745,1425
2,1362754,1425
2,1367524,2013
2,1367542,2013
2,1367254,2013
2,1367245,2013
2,1367425,2013
2,1367452,2013
2,1374562,2378
2,1374526,2133
2,1374652,2188
2,1374625,2188
2,1374265,1943
2,1374256,2133
2,1375462,2378
2,1375426,2133
2,1375642,2203
2,1375624,2203
2,1375264,1958
2,1375246,2133
2,1376542,2013
2,1376524,2013
2,1376452,2013
2,1376425,2013
2,1376245,2013
2,1376254,2013
2,1372564,1958
2,1372546,2133
2,1372654,1768
2,1372645,1768
2,1372465,1943
2,1372456,2133
2,1432567,2496
2,1432576,2496
2,1432657,26
2,1432675,-430
2,1432765,-430
2,1432756,-240
2,1435267,2496
2,1435276,2496
2,1435627,5681
2,1435672,6269
2,1435762,6269
2,1435726,6024
2,1436527,3211
2,1436572,3799
2,1436257,3211
2,1436275,2755
2,1436725,3343
2,1436752,3343
2,1437562,3533
2,1437526,3288
2,1437652,3343
2,1437625,3343
2,1437265,3098
2,1437256,3288
2,1423567,4407
2,1423576,4407
2,1423657,1937
2,1423675,1481
2,1423765,1481
2,1423756,1671
2,1425367,2925
2,1425376,2925
2,1425637,2925
2,1425673,2925
2,1425763,2925
2,1425736,2925
2,1426537,1690
2,1426573,1690
2,1426357,1937
2,1426375,1481
2,1426735,1481
2,1426753,1462
2,1427563,1557
2,1427536,1557
2,1427653,1462
2,1427635,1481
2,1427365,1481
2,1427356,1671
2,1452367,2925
2,1452376,2925
2,1452637,2925
2,1452673,2925
2,1452763,2925
2,1452736,2925
2,1453267,1014
2,1453276,1014
2,1453627,4199
2,1453672,4787
2,1453762,4787
2,1453726,4542
2,1456327,4199
2,1456372,4787
2,1456237,4517.5
2,1456273,4517.5
2,1456723,4811.5
2,1456732,4787
2,1457362,4787
2,1457326,4542
2,1457632,4787
2,1457623,4811.5
2,1457263,4689
2,1457236,4689
2,1462537,3282.5
2,1462573,3282.5
2,1462357,3529.5
2,1462375,3073.5
2,1462735,3073.5
2,1462753,3054.5
2,1465237,3282.5
2,1465273,3282.5
2,1465327,2964
2,1465372,3552
2,1465732,3552
2,1465723,3576.5
2,1463527,3211
2,1463572,3799
2,1463257,3211
2,1463275,2755
2,1463725,3343
2,1463752,3343
2,1467532,3324
2,1467523,3348.5
2,1467352,3343
2,1467325,3343
2,1467235,3367.5
2,1467253,3348.5
2,1472563,3321
2,1472536,3321
2,1472653,3226
2,1472635,3245
2,1472365,3245
2,1472356,3435
2,1475263,3321
2,1475236,3321
2,1475623,3443.5
2,1475632,3419
2,1475362,3419
2,1475326,3174
2,1476523,3348.5
2,1476532,3324
2,1476253,3348.5
2,1476235,3367.5
2,1476325,3343
2,1476352,3343
2,1473562,3533
2,1473526,3288
2,1473652,3343
2,1473625,3343
2,1473265,3098
2,1473256,3288
2,1534267,2379
2,1534276,2379
2,1534627,5564
2,1534672,6152
2,1534762,6152
2,1534726,5907
2,1532467,2379
2,1532476,2379
2,1532647,104
2,1532674,-316
2,1532764,-316
2,1532746,-141
2,1536247,3289
2,1536274,2869
2,1536427,3289
2,1536472,3877
2,1536742,3457
2,1536724,3457
2,1537264,3212
2,1537246,3387
2,1537624,3457
2,1537642,3457
2,1537462,3632
2,1537426,3387
2,1543267,1014
2,1543276,1014
2,1543627,4199
2,1543672,4787
2,1543762,4787
2,1543726,4542
2,1542367,2925
2,1542376,2925
2,1542637,2925
2,1542673,2925
2,1542763,2925
2,1542736,2925
2,1546237,4517.5
2,1546273,4517.5
2,1546327,4199
2,1546372,4787
2,1546732,4787
2,1546723,4811.5
2,1547263,4689
2,1547236,4689
2,1547623,4811.5
2,1547632,4787
2,1547362,4787
2,1547326,4542
2,1524367,2925
2,1524376,2925
2,1524637,2925
2,1524673,2925
2,1524763,2925
2,1524736,2925
2,1523467,4290
2,1523476,4290
2,1523647,2015
2,1523674,1595
2,1523764,1595
2,1523746,1770
2,1526347,2015
2,1526374,1595
2,1526437,1787.5
2,1526473,1787.5
2,1526743,1577.5
2,1526734,1595
2,1527364,1595
2,1527346,1770
2,1527634,1595
2,1527643,1577.5
2,1527463,1665
2,1527436,1665
2,1564237,3380
2,1564273,3380
2,1564327,3061.5
2,1564372,3649.5
2,1564732,3649.5
2,1564723,3674
2,1562437,3380
2,1562473,3380
2,1562347,3607.5
2,1562374,3187.5
2,1562734,3187.5
2,1562743,3170
2,1563247,3289
2,1563274,2869
2,1563427,3289
2,1563472,3877
2,1563742,3457
2,1563724,3457
2,1567234,3481.5
2,1567243,3464
2,1567324,3457
2,1567342,3457
2,1567432,3439.5
2,1567423,3464
2,1574263,3429
2,1574236,3429
2,1574623,3551.5
2,1574632,3527
2,1574362,3527
2,1574326,3282
2,1572463,3429
2,1572436,3429
2,1572643,3341.5
2,1572634,3359
2,1572364,3359
2,1572346,3534
2,1576243,3464
2,1576234,3481.5
2,1576423,3464
2,1576432,3439.5
2,1576342,3457
2,1576324,3457
2,1573264,3212
2,1573246,3387
2,1573624,3457
2,1573642,3457
2,1573462,3632
2,1573426,3387
2,1634527,2301
2,1634572,2889
2,1634257,2301
2,1634275,1845
2,1634725,2433
2,1634752,2433
2,1635427,2301
2,1635472,2889
2,1635247,2301
2,1635274,1881
2,1635724,2469
2,1635742,2469
2,1632547,2301
2,1632574,1881
2,1632457,2301
2,1632475,1845
2,1632745,1425
2,1632754,1425
2,1637524,2013
2,1637542,2013
2,1637254,2013
2,1637245,2013
2,1637425,2013
2,1637452,2013
2,1643527,2073.5
2,1643572,2661.5
2,1643257,2073.5
2,1643275,1617.5
2,1643725,2205.5
2,1643752,2205.5
2,1645327,1826.5
2,1645372,2414.5
2,1645237,2145
2,1645273,2145
2,1645723,2439
2,1645732,2414.5
2,1642537,2145
2,1642573,2145
2,1642357,2392
2,1642375,1936
2,1642735,1936
2,1642753,1917
2,1647523,2211
2,1647532,2186.5
2,1647253,2211
2,1647235,2230
2,1647325,2205.5
2,1647352,2205.5
2,1654327,1826.5
2,1654372,2414.5
2,1654237,2145
2,1654273,2145
2,1654723,2439
2,1654732,2414.5
2,1653427,2054
2,1653472,2642
2,1653247,2054
2,1653274,1634
2,1653724,2222
2,1653742,2222
2,1652347,2372.5
2,1652374,1952.5
2,1652437,2145
2,1652473,2145
2,1652743,1935
2,1652734,1952.5
2,1657324,2222
2,1657342,2222
2,1657234,2246.5
2,1657243,2229
2,1657423,2229
2,1657432,2204.5
2,1624537,2145
2,1624573,2145
2,1624357,2392
2,1624375,1936
2,1624735,1936
2,1624753,1917
2,1625437,2145
2,1625473,2145
2,1625347,2372.5
2,1625374,1952.5
2,1625734,1952.5
2,1625743,1935
2,1623547,2619.5
2,1623574,2199.5
2,1623457,2619.5
2,1623475,2163.5
2,1623745,1743.5
2,1623754,1743.5
2,1627534,1724.5
2,1627543,1707
2,1627354,1743.5
2,1627345,1743.5
2,1627435,1726
2,1627453,1707
2,1674523,2001
2,1674532,1976.5
2,1674253,2001
2,1674235,2020
2,1674325,1995.5
2,1674352,1995.5
2,1675423,2001
2,1675432,1976.5
2,1675243,2001
2,1675234,2018.5
2,1675324,1994
2,1675342,1994
2,1672543,2001
2,1672534,2018.5
2,1672453,2001
2,1672435,2020
2,1672345,2037.5
2,1672354,2037.5
2,1673524,2013
2,1673542,2013
2,1673254,2013
2,1673245,2013
2,1673425,2013
2,1673452,2013
2,1734562,2378
2,1734526,2133
2,1734652,2188
2,1734625,2188
2,1734265,1943
2,1734256,2133
2,1735462,2378
2,1735426,2133
2,1735642,2203
2,1735624,2203
2,1735264,1958
2,1735246,2133
2,1736542,2013
2,1736524,2013
2,1736452,2013
2,1736425,2013
2,1736245,2013
2,1736254,2013
2,1732564,1958
2,1732546,2133
2,1732654,1768
2,1732645,1768
2,1732465,1943
2,1732456,2133
2,1743562,2273
2,1743526,2028
2,1743652,2083
2,1743625,2083
2,1743265,1838
2,1743256,2028
2,1745362,2159
2,1745326,1914
2,1745632,2159
2,1745623,2183.5
2,1745263,2061
2,1745236,2061
2,1746532,2064
2,1746523,2088.5
2,1746352,2083
2,1746325,2083
2,1746235,2107.5
2,1746253,2088.5
2,1742563,2061
2,1742536,2061
2,1742653,1966
2,1742635,1985
2,1742365,1985
2,1742356,2175
2,1754362,2159
2,1754326,1914
2,1754632,2159
2,1754623,2183.5
2,1754263,2061
2,1754236,2061
2,1753462,2264
2,1753426,2019
2,1753642,2089
2,1753624,2089
2,1753264,1844
2,1753246,2019
2,1756342,2089
2,1756324,2089
2,1756432,2071.5
2,1756423,2096
2,1756243,2096
2,1756234,2113.5
2,1752364,1991
2,1752346,2166
2,1752634,1991
2,1752643,1973.5
2,1752463,2061
2,1752436,2061
2,1764532,1976.5
2,1764523,2001
2,1764352,1995.5
2,1764325,1995.5
2,1764235,2020
2,1764253,2001
2,1765432,1976.5
2,1765423,2001
2,1765342,1994
2,1765324,1994
2,1765234,2018.5
2,1765243,2001
2,1763542,2013
2,1763524,2013
2,1763452,2013
2,1763425,2013
2,1763245,2013
2,1763254,2013
2,1762534,2018.5
2,1762543,2001
2,1762354,2037.5
2,1762345,2037.5
2,1762435,2020
2,1762453,2001
2,1724563,2061
2,1724536,2061
2,1724653,1966
2,1724635,1985
2,1724365,1985
2,1724356,2175
2,1725463,2061
2,1725436,2061
2,1725643,1973.5
2,1725634,1991
2,1725364,1991
2,1725346,2166
2,1726543,1878.5
2,1726534,1896
2,1726453,1878.5
2,1726435,1897.5
2,1726345,1915
2,1726354,1915
2,1723564,2105
2,1723546,2280
2,1723654,1915
2,1723645,1915
2,1723465,2090
2,1723456,2280
2,2134567,5772
2,2134576,5772
2,2134657,3302
2,2134675,2846
2,2134765,2846
2,2134756,3036
2,2135467,5772
2,2135476,5772
2,2135647,3497
2,2135674,3077
2,2135764,3077
2,2135746,3252
2,2136547,1027
2,2136574,607
2,2136457,1027
2,2136475,571
2,2136745,151
2,2136754,151
2,2137564,341
2,2137546,516
2,2137654,151
2,2137645,151
2,2137465,326
2,2137456,516
2,2143567,4407
2,2143576,4407
2,2143657,1937
2,2143675,1481
2,2143765,1481
2,2143756,1671
2,2145367,2925
2,2145376,2925
2,2145637,2925
2,2145673,2925
2,2145763,2925
2,2145736,2925
2,2146537,1690
2,2146573,1690
2,2146357,1937
2,2146375,1481
2,2146735,1481
2,2146753,1462
2,2147563,1557
2,2147536,1557
2,2147653,1462
2,2147635,1481
2,2147365,1481
2,2147356,1671
2,2154367,2925
2,2154376,2925
2,2154637,2925
2,2154673,2925
2,2154763,2925
2,2154736,2925
2,2153467,4290
2,2153476,4290
2,2153647,2015
2,2153674,1595
2,2153764,1595
2,2153746,1770
2,2156347,2015
2,2156374,1595
2,2156437,1787.5
2,2156473,1787.5
2,2156743,1577.5
2,2156734,1595
2,2157364,1595
2,2157346,1770
2,2157634,1595
2,2157643,1577.5
2,2157463,1665
2,2157436,1665
2,2164537,552.5
2,2164573,552.5
2,2164357,799.5
2,2164375,343.5
2,2164735,343.5
2,2164753,324.5
2,2165437,552.5
2,2165473,552.5
2,2165347,780
2,2165374,360
2,2165734,360
2,2165743,342.5
2,2163547,1027
2,2163574,607
2,2163457,1027
2,2163475,571
2,2163745,151
2,2163754,151
2,2167534,132
2,2167543,114.5
2,2167354,151
2,2167345,151
2,2167435,133.5
2,2167453,114.5
2,2174563,297
2,2174536,297
2,2174653,202
2,2174635,221
2,2174365,221
2,2174356,411
2,2175463,297
2,2175436,297
2,2175643,209.5
2,2175634,227
2,2175364,227
2,2175346,402
2,2176543,114.5
2,2176534,132
2,2176453,114.5
2,2176435,133.5
2,2176345,151
2,2176354,151
2,2173564,341
2,2173546,516
2,2173654,151
2,2173645,151
2,2173465,326
2,2173456,516
2,2314567,7683
2,2314576,7683
2,2314657,5213
2,2314675,4757
2,2314765,4757
2,2314756,4947
2,2315467,7683
2,2315476,7683
2,2315647,5408
2,2315674,4988
2,2315764,4988
2,2315746,5163
2,2316547,2938
2,2316574,2518
2,2316457,2938
2,2316475,2482
2,2316745,2062
2,2316754,2062
2,2317564,2252
2,2317546,2427
2,2317654,2062
2,2317645,2062
2,2317465,2237
2,2317456,2427
2,2341567,7683
2,2341576,7683
2,2341657,5213
2,2341675,4757
2,2341765,4757
2,2341756,4947
2,2345167,7683
2,2345176,7683
2,2345617,4498
2,2345671,3910
2,2345761,3910
2,2345716,4155
2,2346517,2028
2,2346571,1440
2,2346157,2028
2,2346175,1572
2,2346715,984
2,2346751,984
2,2347561,1174
2,2347516,1419
2,2347651,984
2,2347615,984
2,2347165,1229
2,2347156,1419
2,2354167,7683
2,2354176,7683
2,2354617,4498
2,2354671,3910
2,2354761,3910
2,2354716,4155
2,2351467,7683
2,2351476,7683
2,2351647,5408
2,2351674,4988
2,2351764,4988
2,2351746,5163
2,2356147,2223
2,2356174,1803
2,2356417,2223
2,2356471,1635
2,2356741,1215
2,2356714,1215
2,2357164,1460
2,2357146,1635
2,2357614,1215
2,2357641,1215
2,2357461,1390
2,2357416,1635
2,2364517,-247
2,2364571,-835
2,2364157,-247
2,2364175,-703
2,2364715,-1291
2,2364751,-1291
2,2365417,-247
2,2365471,-835
2,2365147,-247
2,2365174,-667
2,2365714,-1255
2,2365741,-1255
2,2361547,-247
2,2361574,-667
2,2361457,-247
2,2361475,-703
2,2361745,-1123
2,2361754,-1123
2,2367514,-1711
2,2367541,-1711
2,2367154,-1711
2,2367145,-1711
2,2367415,-1711
2,2367451,-1711
2,2374561,-1346
2,2374516,-1101
2,2374651,-1536
2,2374615,-1536
2,2374165,-1291
2,2374156,-1101
2,2375461,-1346
2,2375416,-1101
2,2375641,-1521
2,2375614,-1521
2,2375164,-1276
2,2375146,-1101
2,2376541,-1711
2,2376514,-1711
2,2376451,-1711
2,2376415,-1711
2,2376145,-1711
2,2376154,-1711
2,2371564,-1276
2,2371546,-1101
2,2371654,-1466
2,2371645,-1466
2,2371465,-1291
2,2371456,-1101
2,2431567,6318
2,2431576,6318
2,2431657,3848
2,2431675,3392
2,2431765,3392
2,2431756,3582
2,2435167,6318
2,2435176,6318
2,2435617,3133
2,2435671,2545
2,2435761,2545
2,2435716,2790
2,2436517,663
2,2436571,75
2,2436157,663
2,2436175,207
2,2436715,-381
2,2436751,-381
2,2437561,-191
2,2437516,54
2,2437651,-381
2,2437615,-381
2,2437165,-136
2,2437156,54
2,2413567,4407
2,2413576,4407
2,2413657,1937
2,2413675,1481
2,2413765,1481
2,2413756,1671
2,2415367,2925
2,2415376,2925
2,2415637,2925
2,2415673,2925
2,2415763,2925
2,2415736,2925
2,2416537,1690
2,2416573,1690
2,2416357,1937
2,2416375,1481
2,2416735,1481
2,2416753,1462
2,2417563,1557
2,2417536,1557
2,2417653,1462
2,2417635,1481
2,2417365,1481
2,2417356,1671
2,2451367,2925
2,2451376,2925
2,2451637,2925
2,2451673,2925
2,2451763,2925
2,2451736,2925
2,2453167,4836
2,2453176,4836
2,2453617,1651
2,2453671,1063
2,2453761,1063
2,2453716,1308
2,2456317,1651
2,2456371,1063
2,2456137,1332.5
2,2456173,1332.5
2,2456713,1038.5
2,2456731,1063
2,2457361,1063
2,2457316,1308
2,2457631,1063
2,2457613,1038.5
2,2457163,1161
2,2457136,1161
2,2461537,97.5
2,2461573,97.5
2,2461357,344.5
2,2461375,-111.5
2,2461735,-111.5
2,2461753,-130.5
2,2465137,97.5
2,2465173,97.5
2,2465317,416
2,2465371,-172
2,2465731,-172
2,2465713,-196.5
2,2463517,663
2,2463571,75
2,2463157,663
2,2463175,207
2,2463715,-381
2,2463751,-381
2,2467531,-400
2,2467513,-424.5
2,2467351,-381
2,2467315,-381
2,2467135,-405.5
2,2467153,-424.5
2,2471563,-207
2,2471536,-207
2,2471653,-302
2,2471635,-283
2,2471365,-283
2,2471356,-93
2,2475163,-207
2,2475136,-207
2,2475613,-329.5
2,2475631,-305
2,2475361,-305
2,2475316,-60
2,2476513,-424.5
2,2476531,-400
2,2476153,-424.5
2,2476135,-405.5
2,2476315,-381
2,2476351,-381
2,2473561,-191
2,2473516,54
2,2473651,-381
2,2473615,-381
2,2473165,-136
2,2473156,54
2,2534167,6201
2,2534176,6201
2,2534617,3016
2,2534671,2428
2,2534761,2428
2,2534716,2673
2,2531467,6201
2,2531476,6201
2,2531647,3926
2,2531674,3506
2,2531764,3506
2,2531746,3681
2,2536147,741
2,2536174,321
2,2536417,741
2,2536471,153
2,2536741,-267
2,2536714,-267
2,2537164,-22
2,2537146,153
2,2537614,-267
2,2537641,-267
2,2537461,-92
2,2537416,153
2,2543167,4836
2,2543176,4836
2,2543617,1651
2,2543671,1063
2,2543761,1063
2,2543716,1308
2,2541367,2925
2,2541376,2925
2,2541637,2925
2,2541673,2925
2,2541763,2925
2,2541736,2925
2,2546137,1332.5
2,2546173,1332.5
2,2546317,1651
2,2546371,1063
2,2546731,1063
2,2546713,1038.5
2,2547163,1161
2,2547136,1161
2,2547613,1038.5
2,2547631,1063
2,2547361,1063
2,2547316,1308
2,2514367,2925
2,2514376,2925
2,2514637,2925
2,2514673,2925
2,2514763,2925
2,2514736,2925
2,2513467,4290
2,2513476,4290
2,2513647,2015
2,2513674,1595
2,2513764,1595
2,2513746,1770
2,2516347,2015
2,2516374,1595
2,2516437,1787.5
2,2516473,1787.5
2,2516743,1577.5
2,2516734,1595
2,2517364,1595
2,2517346,1770
2,2517634,1595
2,2517643,1577.5
2,2517463,1665
2,2517436,1665
2,2564137,195
2,2564173,195
2,2564317,513.5
2,2564371,-74.5
2,2564731,-74.5
2,2564713,-99
2,2561437,195
2,2561473,195
2,2561347,422.5
2,2561374,2.5
2,2561734,2.5
2,2561743,-15
2,2563147,741
2,2563174,321
2,2563417,741
2,2563471,153
2,2563741,-267
2,2563714,-267
2,2567134,-291.5
2,2567143,-309
2,2567314,-267
2,2567341,-267
2,2567431,-284.5
2,2567413,-309
2,2574163,-99
2,2574136,-99
2,2574613,-221.5
2,2574631,-197
2,2574361,-197
2,2574316,48
2,2571463,-99
2,2571436,-99
2,2571643,-186.5
2,2571634,-169
2,2571364,-169
2,2571346,6
2,2576143,-309
2,2576134,-291.5
2,2576413,-309
2,2576431,-284.5
2,2576341,-267
2,2576314,-267
2,2573164,-22
2,2573146,153
2,2573614,-267
2,2573641,-267
2,2573461,-92
2,2573416,153
2,2634517,-247
2,2634571,-835
2,2634157,-247
2,2634175,-703
2,2634715,-1291
2,2634751,-1291
2,2635417,-247
2,2635471,-835
2,2635147,-247
2,2635174,-667
2,2635714,-1255
2,2635741,-1255
2,2631547,-247
2,2631574,-667
2,2631457,-247
2,2631475,-703
2,2631745,-1123
2,2631754,-1123
2,2637514,-1711
2,2637541,-1711
2,2637154,-1711
2,2637145,-1711
2,2637415,-1711
2,2637451,-1711
2,2643517,-474.5
2,2643571,-1062.5
2,2643157,-474.5
2,2643175,-930.5
2,2643715,-1518.5
2,2643751,-1518.5
2,2645317,-721.5
2,2645371,-1309.5
2,2645137,-1040
2,2645173,-1040
2,2645713,-1334
2,2645731,-1309.5
2,2641537,-1040
2,2641573,-1040
2,2641357,-793
2,2641375,-1249
2,2641735,-1249
2,2641753,-1268
2,2647513,-1562
2,2647531,-1537.5
2,2647153,-1562
2,2647135,-1543
2,2647315,-1518.5
2,2647351,-1518.5
2,2654317,-721.5
2,2654371,-1309.5
2,2654137,-1040
2,2654173,-1040
2,2654713,-1334
2,2654731,-1309.5
2,2653417,-494
2,2653471,-1082
2,2653147,-494
2,2653174,-914
2,2653714,-1502
2,2653741,-1502
2,2651347,-812.5
2,2651374,-1232.5
2,2651437,-1040
2,2651473,-1040
2,2651743,-1250
2,2651734,-1232.5
2,2657314,-1502
2,2657341,-1502
2,2657134,-1526.5
2,2657143,-1544
2,2657413,-1544
2,2657431,-1519.5
2,2614537,-1040
2,2614573,-1040
2,2614357,-793
2,2614375,-1249
2,2614735,-1249
2,2614753,-1268
2,2615437,-1040
2,2615473,-1040
2,2615347,-812.5
2,2615374,-1232.5
2,2615734,-1232.5
2,2615743,-1250
2,2613547,-565.5
2,2613574,-985.5
2,2613457,-565.5
2,2613475,-1021.5
2,2613745,-1441.5
2,2613754,-1441.5
2,2617534,-1460.5
2,2617543,-1478
2,2617354,-1441.5
2,2617345,-1441.5
2,2617435,-1459
2,2617453,-1478
2,2674513,-1772
2,2674531,-1747.5
2,2674153,-1772
2,2674135,-1753
2,2674315,-1728.5
2,2674351,-1728.5
2,2675413,-1772
2,2675431,-1747.5
2,2675143,-1772
2,2675134,-1754.5
2,2675314,-1730
2,2675341,-1730
2,2671543,-1772
2,2671534,-1754.5
2,2671453,-1772
2,2671435,-1753
2,2671345,-1735.5
2,2671354,-1735.5
2,2673514,-1711
2,2673541,-1711
2,2673154,-1711
2,2673145,-1711
2,2673415,-1711
2,2673451,-1711
2,2734561,-1346
2,2734516,-1101
2,2734651,-1536
2,2734615,-1536
2,2734165,-1291
2,2734156,-1101
2,2735461,-1346
2,2735416,-1101
2,2735641,-1521
2,2735614,-1521
2,2735164,-1276
2,2735146,-1101
2,2736541,-1711
2,2736514,-1711
2,2736451,-1711
2,2736415,-1711
2,2736145,-1711
2,2736154,-1711
2,2731564,-1276
2,2731546,-1101
2,2731654,-1466
2,2731645,-1466
2,2731465,-1291
2,2731456,-1101
2,2743561,-1451
2,2743516,-1206
2,2743651,-1641
2,2743615,-1641
2,2743165,-1396
2,2743156,-1206
2,2745361,-1565
2,2745316,-1320
2,2745631,-1565
2,2745613,-1589.5
2,2745163,-1467
2,2745136,-1467
2,2746531,-1660
2,2746513,-1684.5
2,2746351,-1641
2,2746315,-1641
2,2746135,-1665.5
2,2746153,-1684.5
2,2741563,-1467
2,2741536,-1467
2,2741653,-1562
2,2741635,-1543
2,2741365,-1543
2,2741356,-1353
2,2754361,-1565
2,2754316,-1320
2,2754631,-1565
2,2754613,-1589.5
2,2754163,-1467
2,2754136,-1467
2,2753461,-1460
2,2753416,-1215
2,2753641,-1635
2,2753614,-1635
2,2753164,-1390
2,2753146,-1215
2,2756341,-1635
2,2756314,-1635
2,2756431,-1652.5
2,2756413,-1677
2,2756143,-1677
2,2756134,-1659.5
2,2751364,-1537
2,2751346,-1362
2,2751634,-1537
2,2751643,-1554.5
2,2751463,-1467
2,2751436,-1467
2,2764531,-1747.5
2,2764513,-1772
2,2764351,-1728.5
2,2764315,-1728.5
2,2764135,-1753
2,2764153,-1772
2,2765431,-1747.5
2,2765413,-1772
2,2765341,-1730
2,2765314,-1730
2,2765134,-1754.5
2,2765143,-1772
2,2763541,-1711
2,2763514,-1711
2,2763451,-1711
2,2763415,-1711
2,2763145,-1711
2,2763154,-1711
2,2761534,-1754.5
2,2761543,-1772
2,2761354,-1735.5
2,2761345,-1735.5
2,2761435,-1753
2,2761453,-1772
2,2714563,-1467
2,2714536,-1467
2,2714653,-1562
2,2714635,-1543
2,2714365,-1543
2,2714356,-1353
2,2715463,-1467
2,2715436,-1467
2,2715643,-1554.5
2,2715634,-1537
2,2715364,-1537
2,2715346,-1362
2,2716543,-1649.5
2,2716534,-1632
2,2716453,-1649.5
2,2716435,-1630.5
2,2716345,-1613
2,2716354,-1613
2,2713564,-1423
2,2713546,-1248
2,2713654,-1613
2,2713645,-1613
2,2713465,-1438
2,2713456,-1248
2,3214567,5772
2,3214576,5772
2,3214657,3302
2,3214675,2846
2,3214765,2846
2,3214756,3036
2,3215467,5772
2,3215476,5772
2,3215647,3497
2,3215674,3077
2,3215764,3077
2,3215746,3252
2,3216547,1027
2,3216574,607
2,3216457,1027
2,3216475,571
2,3216745,151
2,3216754,151
2,3217564,341
2,3217546,516
2,3217654,151
2,3217645,151
2,3217465,326
2,3217456,516
2,3241567,5772
2,3241576,5772
2,3241657,3302
2,3241675,2846
2,3241765,2846
2,3241756,3036
2,3245167,5772
2,3245176,5772
2,3245617,2587
2,3245671,1999
2,3245761,1999
2,3245716,2244
2,3246517,117
2,3246571,-471
2,3246157,117
2,3246175,-339
2,3246715,-927
2,3246751,-927
2,3247561,-737
2,3247516,-492
2,3247651,-927
2,3247615,-927
2,3247165,-682
2,3247156,-492
2,3254167,5772
2,3254176,5772
2,3254617,2587
2,3254671,1999
2,3254761,1999
2,3254716,2244
2,3251467,5772
2,3251476,5772
2,3251647,3497
2,3251674,3077
2,3251764,3077
2,3251746,3252
2,3256147,312
2,3256174,-108
2,3256417,312
2,3256471,-276
2,3256741,-696
2,3256714,-696
2,3257164,-451
2,3257146,-276
2,3257614,-696
2,3257641,-696
2,3257461,-521
2,3257416,-276
2,3264517,-2158
2,3264571,-2746
2,3264157,-2158
2,3264175,-2614
2,3264715,-3202
2,3264751,-3202
2,3265417,-2158
2,3265471,-2746
2,3265147,-2158
2,3265174,-2578
2,3265714,-3166
2,3265741,-3166
2,3261547,-2158
2,3261574,-2578
2,3261457,-2158
2,3261475,-2614
2,3261745,-3034
2,3261754,-3034
2,3267514,-3622
2,3267541,-3622
2,3267154,-3622
2,3267145,-3622
2,3267415,-3622
2,3267451,-3622
2,3274561,-3257
2,3274516,-3012
2,3274651,-3447
2,3274615,-3447
2,3274165,-3202
2,3274156,-3012
2,3275461,-3257
2,3275416,-3012
2,3275641,-3432
2,3275614,-3432
2,3275164,-3187
2,3275146,-3012
2,3276541,-3622
2,3276514,-3622
2,3276451,-3622
2,3276415,-3622
2,3276145,-3622
2,3276154,-3622
2,3271564,-3187
2,3271546,-3012
2,3271654,-3377
2,3271645,-3377
2,3271465,-3202
2,3271456,-3012
2,3124567,5772
2,3124576,5772
2,3124657,3302
2,3124675,2846
2,3124765,2846
2,3124756,3036
2,3125467,5772
2,3125476,5772
2,3125647,3497
2,3125674,3077
2,3125764,3077
2,3125746,3252
2,3126547,1027
2,3126574,607
2,3126457,1027
2,3126475,571
2,3126745,151
2,3126754,151
2,3127564,341
2,3127546,516
2,3127654,151
2,3127645,151
2,3127465,326
2,3127456,516
2,3142567,5772
2,3142576,5772
2,3142657,3302
2,3142675,2846
2,3142765,2846
2,3142756,3036
2,3145267,5772
2,3145276,5772
2,3145627,8957
2,3145672,9545
2,3145762,9545
2,3145726,9300
2,3146527,6487
2,3146572,7075
2,3146257,6487
2,3146275,6031
2,3146725,6619
2,3146752,6619
2,3147562,6809
2,3147526,6564
2,3147652,6619
2,3147625,6619
2,3147265,6374
2,3147256,6564
2,3154267,5772
2,3154276,5772
2,3154627,8957
2,3154672,9545
2,3154762,9545
2,3154726,9300
2,3152467,5772
2,3152476,5772
2,3152647,3497
2,3152674,3077
2,3152764,3077
2,3152746,3252
2,3156247,6682
2,3156274,6262
2,3156427,6682
2,3156472,7270
2,3156742,6850
2,3156724,6850
2,3157264,6605
2,3157246,6780
2,3157624,6850
2,3157642,6850
2,3157462,7025
2,3157426,6780
2,3164527,4212
2,3164572,4800
2,3164257,4212
2,3164275,3756
2,3164725,4344
2,3164752,4344
2,3165427,4212
2,3165472,4800
2,3165247,4212
2,3165274,3792
2,3165724,4380
2,3165742,4380
2,3162547,4212
2,3162574,3792
2,3162457,4212
2,3162475,3756
2,3162745,3336
2,3162754,3336
2,3167524,3924
2,3167542,3924
2,3167254,3924
2,3167245,3924
2,3167425,3924
2,3167452,3924
2,3174562,4289
2,3174526,4044
2,3174652,4099
2,3174625,4099
2,3174265,3854
2,3174256,4044
2,3175462,4289
2,3175426,4044
2,3175642,4114
2,3175624,4114
2,3175264,3869
2,3175246,4044
2,3176542,3924
2,3176524,3924
2,3176452,3924
2,3176425,3924
2,3176245,3924
2,3176254,3924
2,3172564,3869
2,3172546,4044
2,3172654,3679
2,3172645,3679
2,3172465,3854
2,3172456,4044
2,3412567,5772
2,3412576,5772
2,3412657,3302
2,3412675,2846
2,3412765,2846
2,3412756,3036
2,3415267,5772
2,3415276,5772
2,3415627,8957
2,3415672,9545
2,3415762,9545
2,3415726,9300
2,3416527,6487
2,3416572,7075
2,3416257,6487
2,3416275,6031
2,3416725,6619
2,3416752,6619
2,3417562,6809
2,3417526,6564
2,3417652,6619
2,3417625,6619
2,3417265,6374
2,3417256,6564
2,3421567,5772
2,3421576,5772
2,3421657,3302
2,3421675,2846
2,3421765,2846
2,3421756,3036
2,3425167,5772
2,3425176,5772
2,3425617,2587
2,3425671,1999
2,3425761,1999
2,3425716,2244
2,3426517,117
2,3426571,-471
2,3426157,117
2,3426175,-339
2,3426715,-927
2,3426751,-927
2,3427561,-737
2,3427516,-492
2,3427651,-927
2,3427615,-927
2,3427165,-682
2,3427156,-492
2,3452167,5772
2,3452176,5772
2,3452617,2587
2,3452671,1999
2,3452761,1999
2,3452716,2244
2,3451267,5772
2,3451276,5772
2,3451627,8957
2,3451672,9545
2,3451762,9545
2,3451726,9300
2,3456127,5772
2,3456172,6360
2,3456217,5772
2,3456271,5184
2,3456721,5772
2,3456712,5772
2,3457162,6017
2,3457126,5772
2,3457612,5772
2,3457621,5772
2,3457261,5527
2,3457216,5772
2,3462517,3302
2,3462571,2714
2,3462157,3302
2,3462175,2846
2,3462715,2258
2,3462751,2258
2,3465217,3302
2,3465271,2714
2,3465127,3302
2,3465172,3890
2,3465712,3302
2,3465721,3302
2,3461527,3302
2,3461572,3890
2,3461257,3302
2,3461275,2846
2,3461725,3434
2,3461752,3434
2,3467512,2846
2,3467521,2846
2,3467152,2846
2,3467125,2846
2,3467215,2846
2,3467251,2846
2,3472561,2791
2,3472516,3036
2,3472651,2601
2,3472615,2601
2,3472165,2846
2,3472156,3036
2,3475261,2791
2,3475216,3036
2,3475621,3036
2,3475612,3036
2,3475162,3281
2,3475126,3036
2,3476521,2846
2,3476512,2846
2,3476251,2846
2,3476215,2846
2,3476125,2846
2,3476152,2846
2,3471562,3281
2,3471526,3036
2,3471652,3091
2,3471625,3091
2,3471265,2846
2,3471256,3036
2,3514267,5772
2,3514276,5772
2,3514627,8957
2,3514672,9545
2,3514762,9545
2,3514726,9300
2,3512467,5772
2,3512476,5772
2,3512647,3497
2,3512674,3077
2,3512764,3077
2,3512746,3252
2,3516247,6682
2,3516274,6262
2,3516427,6682
2,3516472,7270
2,3516742,6850
2,3516724,6850
2,3517264,6605
2,3517246,6780
2,3517624,6850
2,3517642,6850
2,3517462,7025
2,3517426,6780
2,3541267,5772
2,3541276,5772
2,3541627,8957
2,3541672,9545
2,3541762,9545
2,3541726,9300
2,3542167,5772
2,3542176,5772
2,3542617,2587
2,3542671,1999
2,3542761,1999
2,3542716,2244
2,3546217,5772
2,3546271,5184
2,3546127,5772
2,3546172,6360
2,3546712,5772
2,3546721,5772
2,3547261,5527
2,3547216,5772
2,3547621,5772
2,3547612,5772
2,3547162,6017
2,3547126,5772
2,3524167,5772
2,3524176,5772
2,3524617,2587
2,3524671,1999
2,3524761,1999
2,3524716,2244
2,3521467,5772
2,3521476,5772
2,3521647,3497
2,3521674,3077
2,3521764,3077
2,3521746,3252
2,3526147,312
2,3526174,-108
2,3526417,312
2,3526471,-276
2,3526741,-696
2,3526714,-696
2,3527164,-451
2,3527146,-276
2,3527614,-696
2,3527641,-696
2,3527461,-521
2,3527416,-276
2,3564217,3497
2,3564271,2909
2,3564127,3497
2,3564172,4085
2,3564712,3497
2,3564721,3497
2,3562417,3497
2,3562471,2909
2,3562147,3497
2,3562174,3077
2,3562714,2489
2,3562741,2489
2,3561247,3497
2,3561274,3077
2,3561427,3497
2,3561472,4085
2,3561742,3665
2,3561724,3665
2,3567214,3077
2,3567241,3077
2,3567124,3077
2,3567142,3077
2,3567412,3077
2,3567421,3077
2,3574261,3007
2,3574216,3252
2,3574621,3252
2,3574612,3252
2,3574162,3497
2,3574126,3252
2,3572461,3007
2,3572416,3252
2,3572641,2832
2,3572614,2832
2,3572164,3077
2,3572146,3252
2,3576241,3077
2,3576214,3077
2,3576421,3077
2,3576412,3077
2,3576142,3077
2,3576124,3077
2,3571264,3077
2,3571246,3252
2,3571624,3322
2,3571642,3322
2,3571462,3497
2,3571426,3252
2,3614527,1027
2,3614572,1615
2,3614257,1027
2,3614275,571
2,3614725,1159
2,3614752,1159
2,3615427,1027
2,3615472,1615
2,3615247,1027
2,3615274,607
2,3615724,1195
2,3615742,1195
2,3612547,1027
2,3612574,607
2,3612457,1027
2,3612475,571
2,3612745,151
2,3612754,151
2,3617524,739
2,3617542,739
2,3617254,739
2,3617245,739
2,3617425,739
2,3617452,739
2,3641527,1027
2,3641572,1615
2,3641257,1027
2,3641275,571
2,3641725,1159
2,3641752,1159
2,3645127,1027
2,3645172,1615
2,3645217,1027
2,3645271,439
2,3645721,1027
2,3645712,1027
2,3642517,1027
2,3642571,439
2,3642157,1027
2,3642175,571
2,3642715,-17
2,3642751,-17
2,3647521,571
2,3647512,571
2,3647251,571
2,3647215,571
2,3647125,571
2,3647152,571
2,3654127,1027
2,3654172,1615
2,3654217,1027
2,3654271,439
2,3654721,1027
2,3654712,1027
2,3651427,1027
2,3651472,1615
2,3651247,1027
2,3651274,607
2,3651724,1195
2,3651742,1195
2,3652147,1027
2,3652174,607
2,3652417,1027
2,3652471,439
2,3652741,19
2,3652714,19
2,3657124,607
2,3657142,607
2,3657214,607
2,3657241,607
2,3657421,607
2,3657412,607
2,3624517,1027
2,3624571,439
2,3624157,1027
2,3624175,571
2,3624715,-17
2,3624751,-17
2,3625417,1027
2,3625471,439
2,3625147,1027
2,3625174,607
2,3625714,19
2,3625741,19
2,3621547,1027
2,3621574,607
2,3621457,1027
2,3621475,571
2,3621745,151
2,3621754,151
2,3627514,-437
2,3627541,-437
2,3627154,-437
2,3627145,-437
2,3627415,-437
2,3627451,-437
2,3674521,151
2,3674512,151
2,3674251,151
2,3674215,151
2,3674125,151
2,3674152,151
2,3675421,151
2,3675412,151
2,3675241,151
2,3675214,151
2,3675124,151
2,3675142,151
2,3672541,151
2,3672514,151
2,3672451,151
2,3672415,151
2,3672145,151
2,3672154,151
2,3671524,151
2,3671542,151
2,3671254,151
2,3671245,151
2,3671425,151
2,3671452,151
2,3714562,761
2,3714526,516
2,3714652,571
2,3714625,571
2,3714265,326
2,3714256,516
2,3715462,761
2,3715426,516
2,3715642,586
2,3715624,586
2,3715264,341
2,3715246,516
2,3716542,396
2,3716524,396
2,3716452,396
2,3716425,396
2,3716245,396
2,3716254,396
2,3712564,341
2,3712546,516
2,3712654,151
2,3712645,151
2,3712465,326
2,3712456,516
2,3741562,761
2,3741526,516
2,3741652,571
2,3741625,571
2,3741265,326
2,3741256,516
2,3745162,761
2,3745126,516
2,3745612,516
2,3745621,516
2,3745261,271
2,3745216,516
2,3746512,326
2,3746521,326
2,3746152,326
2,3746125,326
2,3746215,326
2,3746251,326
2,3742561,271
2,3742516,516
2,3742651,81
2,3742615,81
2,3742165,326
2,3742156,516
2,3754162,761
2,3754126,516
2,3754612,516
2,3754621,516
2,3754261,271
2,3754216,516
2,3751462,761
2,3751426,516
2,3751642,586
2,3751624,586
2,3751264,341
2,3751246,516
2,3756142,341
2,3756124,341
2,3756412,341
2,3756421,341
2,3756241,341
2,3756214,341
2,3752164,341
2,3752146,516
2,3752614,96
2,3752641,96
2,3752461,271
2,3752416,516
2,3764512,151
2,3764521,151
2,3764152,151
2,3764125,151
2,3764215,151
2,3764251,151
2,3765412,151
2,3765421,151
2,3765142,151
2,3765124,151
2,3765214,151
2,3765241,151
2,3761542,151
2,3761524,151
2,3761452,151
2,3761425,151
2,3761245,151
2,3761254,151
2,3762514,151
2,3762541,151
2,3762154,151
2,3762145,151
2,3762415,151
2,3762451,151
2,3724561,271
2,3724516,516
2,3724651,81
2,3724615,81
2,3724165,326
2,3724156,516
2,3725461,271
2,3725416,516
2,3725641,96
2,3725614,96
2,3725164,341
2,3725146,516
2,3726541,-94
2,3726514,-94
2,3726451,-94
2,3726415,-94
2,3726145,-94
2,3726154,-94
2,3721564,341
2,3721546,516
2,3721654,151
2,3721645,151
2,3721465,326
2,3721456,516
2,4231567,6318
2,4231576,6318
2,4231657,3848
2,4231675,3392
2,4231765,3392
2,4231756,3582
2,4235167,6318
2,4235176,6318
2,4235617,3133
2,4235671,2545
2,4235761,2545
2,4235716,2790
2,4236517,663
2,4236571,75
2,4236157,663
2,4236175,207
2,4236715,-381
2,4236751,-381
2,4237561,-191
2,4237516,54
2,4237651,-381
2,4237615,-381
2,4237165,-136
2,4237156,54
2,4213567,4407
2,4213576,4407
2,4213657,1937
2,4213675,1481
2,4213765,1481
2,4213756,1671
2,4215367,2925
2,4215376,2925
2,4215637,2925
2,4215673,2925
2,4215763,2925
2,4215736,2925
2,4216537,1690
2,4216573,1690
2,4216357,1937
2,4216375,1481
2,4216735,1481
2,4216753,1462
2,4217563,1557
2,4217536,1557
2,4217653,1462
2,4217635,1481
2,4217365,1481
2,4217356,1671
2,4251367,2925
2,4251376,2925
2,4251637,2925
2,4251673,2925
2,4251763,2925
2,4251736,2925
2,4253167,4836
2,4253176,4836
2,4253617,1651
2,4253671,1063
2,4253761,1063
2,4253716,1308
2,4256317,1651
2,4256371,1063
2,4256137,1332.5
2,4256173,1332.5
2,4256713,1038.5
2,4256731,1063
2,4257361,1063
2,4257316,1308
2,4257631,1063
2,4257613,1038.5
2,4257163,1161
2,4257136,1161
2,4261537,97.5
2,4261573,97.5
2,4261357,344.5
2,4261375,-111.5
2,4261735,-111.5
2,4261753,-130.5
2,4265137,97.5
2,4265173,97.5
2,4265317,416
2,4265371,-172
2,4265731,-172
2,4265713,-196.5
2,4263517,663
2,4263571,75
2,4263157,663
2,4263175,207
2,4263715,-381
2,4263751,-381
2,4267531,-400
2,4267513,-424.5
2,4267351,-381
2,4267315,-381
2,4267135,-405.5
2,4267153,-424.5
2,4271563,-207
2,4271536,-207
2,4271653,-302
2,4271635,-283
2,4271365,-283
2,4271356,-93
2,4275163,-207
2,4275136,-207
2,4275613,-329.5
2,4275631,-305
2,4275361,-305
2,4275316,-60
2,4276513,-424.5
2,4276531,-400
2,4276153,-424.5
2,4276135,-405.5
2,4276315,-381
2,4276351,-381
2,4273561,-191
2,4273516,54
2,4273651,-381
2,4273615,-381
2,4273165,-136
2,4273156,54
2,4321567,4407
2,4321576,4407
2,4321657,1937
2,4321675,1481
2,4321765,1481
2,4321756,1671
2,4325167,4407
2,4325176,4407
2,4325617,1222
2,4325671,634
2,4325761,634
2,4325716,879
2,4326517,-1248
2,4326571,-1836
2,4326157,-1248
2,4326175,-1704
2,4326715,-2292
2,4326751,-2292
2,4327561,-2102
2,4327516,-1857
2,4327651,-2292
2,4327615,-2292
2,4327165,-2047
2,4327156,-1857
2,4312567,4407
2,4312576,4407
2,4312657,1937
2,4312675,1481
2,4312765,1481
2,4312756,1671
2,4315267,4407
2,4315276,4407
2,4315627,7592
2,4315672,8180
2,4315762,8180
2,4315726,7935
2,4316527,5122
2,4316572,5710
2,4316257,5122
2,4316275,4666
2,4316725,5254
2,4316752,5254
2,4317562,5444
2,4317526,5199
2,4317652,5254
2,4317625,5254
2,4317265,5009
2,4317256,5199
2,4351267,4407
2,4351276,4407
2,4351627,7592
2,4351672,8180
2,4351762,8180
2,4351726,7935
2,4352167,4407
2,4352176,4407
2,4352617,1222
2,4352671,634
2,4352761,634
2,4352716,879
2,4356217,4407
2,4356271,3819
2,4356127,4407
2,4356172,4995
2,4356712,4407
2,4356721,4407
2,4357261,4162
2,4357216,4407
2,4357621,4407
2,4357612,4407
2,4357162,4652
2,4357126,4407
2,4361527,1937
2,4361572,2525
2,4361257,1937
2,4361275,1481
2,4361725,2069
2,4361752,2069
2,4365127,1937
2,4365172,2525
2,4365217,1937
2,4365271,1349
2,4365721,1937
2,4365712,1937
2,4362517,1937
2,4362571,1349
2,4362157,1937
2,4362175,1481
2,4362715,893
2,4362751,893
2,4367521,1481
2,4367512,1481
2,4367251,1481
2,4367215,1481
2,4367125,1481
2,4367152,1481
2,4371562,1916
2,4371526,1671
2,4371652,1726
2,4371625,1726
2,4371265,1481
2,4371256,1671
2,4375162,1916
2,4375126,1671
2,4375612,1671
2,4375621,1671
2,4375261,1426
2,4375216,1671
2,4376512,1481
2,4376521,1481
2,4376152,1481
2,4376125,1481
2,4376215,1481
2,4376251,1481
2,4372561,1426
2,4372516,1671
2,4372651,1236
2,4372615,1236
2,4372165,1481
2,4372156,1671
2,4132567,2496
2,4132576,2496
2,4132657,26
2,4132675,-430
2,4132765,-430
2,4132756,-240
2,4135267,2496
2,4135276,2496
2,4135627,5681
2,4135672,6269
2,4135762,6269
2,4135726,6024
2,4136527,3211
2,4136572,3799
2,4136257,3211
2,4136275,2755
2,4136725,3343
2,4136752,3343
2,4137562,3533
2,4137526,3288
2,4137652,3343
2,4137625,3343
2,4137265,3098
2,4137256,3288
2,4123567,4407
2,4123576,4407
2,4123657,1937
2,4123675,1481
2,4123765,1481
2,4123756,1671
2,4125367,2925
2,4125376,2925
2,4125637,2925
2,4125673,2925
2,4125763,2925
2,4125736,2925
2,4126537,1690
2,4126573,1690
2,4126357,1937
2,4126375,1481
2,4126735,1481
2,4126753,1462
2,4127563,1557
2,4127536,1557
2,4127653,1462
2,4127635,1481
2,4127365,1481
2,4127356,1671
2,4152367,2925
2,4152376,2925
2,4152637,2925
2,4152673,2925
2,4152763,2925
2,4152736,2925
2,4153267,1014
2,4153276,1014
2,4153627,4199
2,4153672,4787
2,4153762,4787
2,4153726,4542
2,4156327,4199
2,4156372,4787
2,4156237,4517.5
2,4156273,4517.5
2,4156723,4811.5
2,4156732,4787
2,4157362,4787
2,4157326,4542
2,4157632,4787
2,4157623,4811.5
2,4157263,4689
2,4157236,4689
2,4162537,3282.5
2,4162573,3282.5
2,4162357,3529.5
2,4162375,3073.5
2,4162735,3073.5
2,4162753,3054.5
2,4165237,3282.5
2,4165273,3282.5
2,4165327,2964
2,4165372,3552
2,4165732,3552
2,4165723,3576.5
2,4163527,3211
2,4163572,3799
2,4163257,3211
2,4163275,2755
2,4163725,3343
2,4163752,3343
2,4167532,3324
2,4167523,3348.5
2,4167352,3343
2,4167325,3343
2,4167235,3367.5
2,4167253,3348.5
2,4172563,3321
2,4172536,3321
2,4172653,3226
2,4172635,3245
2,4172365,3245
2,4172356,3435
2,4175263,3321
2,4175236,3321
2,4175623,3443.5
2,4175632,3419
2,4175362,3419
2,4175326,3174
2,4176523,3348.5
2,4176532,3324
2,4176253,3348.5
2,4176235,3367.5
2,4176325,3343
2,4176352,3343
2,4173562,3533
2,4173526,3288
2,4173652,3343
2,4173625,3343
2,4173265,3098
2,4173256,3288
2,4531267,2925
2,4531276,2925
2,4531627,6110
2,4531672,6698
2,4531762,6698
2,4531726,6453
2,4532167,2925
2,4532176,2925
2,4532617,-260
2,4532671,-848
2,4532761,-848
2,4532716,-603
2,4536217,2925
2,4536271,2337
2,4536127,2925
2,4536172,3513
2,4536712,2925
2,4536721,2925
2,4537261,2680
2,4537216,2925
2,4537621,2925
2,4537612,2925
2,4537162,3170
2,4537126,2925
2,4513267,1014
2,4513276,1014
2,4513627,4199
2,4513672,4787
2,4513762,4787
2,4513726,4542
2,4512367,2925
2,4512376,2925
2,4512637,2925
2,4512673,2925
2,4512763,2925
2,4512736,2925
2,4516237,4517.5
2,4516273,4517.5
2,4516327,4199
2,4516372,4787
2,4516732,4787
2,4516723,4811.5
2,4517263,4689
2,4517236,4689
2,4517623,4811.5
2,4517632,4787
2,4517362,4787
2,4517326,4542
2,4521367,2925
2,4521376,2925
2,4521637,2925
2,4521673,2925
2,4521763,2925
2,4521736,2925
2,4523167,4836
2,4523176,4836
2,4523617,1651
2,4523671,1063
2,4523761,1063
2,4523716,1308
2,4526317,1651
2,4526371,1063
2,4526137,1332.5
2,4526173,1332.5
2,4526713,1038.5
2,4526731,1063
2,4527361,1063
2,4527316,1308
2,4527631,1063
2,4527613,1038.5
2,4527163,1161
2,4527136,1161
2,4561237,2925
2,4561273,2925
2,4561327,2606.5
2,4561372,3194.5
2,4561732,3194.5
2,4561723,3219
2,4562137,2925
2,4562173,2925
2,4562317,3243.5
2,4562371,2655.5
2,4562731,2655.5
2,4562713,2631
2,4563217,2925
2,4563271,2337
2,4563127,2925
2,4563172,3513
2,4563712,2925
2,4563721,2925
2,4567231,2949.5
2,4567213,2925
2,4567321,2925
2,4567312,2925
2,4567132,2900.5
2,4567123,2925
2,4571263,2925
2,4571236,2925
2,4571623,3047.5
2,4571632,3023
2,4571362,3023
2,4571326,2778
2,4572163,2925
2,4572136,2925
2,4572613,2802.5
2,4572631,2827
2,4572361,2827
2,4572316,3072
2,4576213,2925
2,4576231,2949.5
2,4576123,2925
2,4576132,2900.5
2,4576312,2925
2,4576321,2925
2,4573261,2680
2,4573216,2925
2,4573621,2925
2,4573612,2925
2,4573162,3170
2,4573126,2925
2,4631527,1937
2,4631572,2525
2,4631257,1937
2,4631275,1481
2,4631725,2069
2,4631752,2069
2,4635127,1937
2,4635172,2525
2,4635217,1937
2,4635271,1349
2,4635721,1937
2,4635712,1937
2,4632517,1937
2,4632571,1349
2,4632157,1937
2,4632175,1481
2,4632715,893
2,4632751,893
2,4637521,1481
2,4637512,1481
2,4637251,1481
2,4637215,1481
2,4637125,1481
2,4637152,1481
2,4613527,1618.5
2,4613572,2206.5
2,4613257,1618.5
2,4613275,1162.5
2,4613725,1750.5
2,4613752,1750.5
2,4615327,1371.5
2,4615372,1959.5
2,4615237,1690
2,4615273,1690
2,4615723,1984
2,4615732,1959.5
2,4612537,1690
2,4612573,1690
2,4612357,1937
2,4612375,1481
2,4612735,1481
2,4612753,1462
2,4617523,1756
2,4617532,1731.5
2,4617253,1756
2,4617235,1775
2,4617325,1750.5
2,4617352,1750.5
2,4651327,1371.5
2,4651372,1959.5
2,4651237,1690
2,4651273,1690
2,4651723,1984
2,4651732,1959.5
2,4653127,1690
2,4653172,2278
2,4653217,1690
2,4653271,1102
2,4653721,1690
2,4653712,1690
2,4652317,2008.5
2,4652371,1420.5
2,4652137,1690
2,4652173,1690
2,4652713,1396
2,4652731,1420.5
2,4657321,1690
2,4657312,1690
2,4657231,1714.5
2,4657213,1690
2,4657123,1690
2,4657132,1665.5
2,4621537,1690
2,4621573,1690
2,4621357,1937
2,4621375,1481
2,4621735,1481
2,4621753,1462
2,4625137,1690
2,4625173,1690
2,4625317,2008.5
2,4625371,1420.5
2,4625731,1420.5
2,4625713,1396
2,4623517,2255.5
2,4623571,1667.5
2,4623157,2255.5
2,4623175,1799.5
2,4623715,1211.5
2,4623751,1211.5
2,4627531,1192.5
2,4627513,1168
2,4627351,1211.5
2,4627315,1211.5
2,4627135,1187
2,4627153,1168
2,4671523,1462
2,4671532,1437.5
2,4671253,1462
2,4671235,1481
2,4671325,1456.5
2,4671352,1456.5
2,4675123,1462
2,4675132,1437.5
2,4675213,1462
2,4675231,1486.5
2,4675321,1462
2,4675312,1462
2,4672513,1462
2,4672531,1486.5
2,4672153,1462
2,4672135,1481
2,4672315,1505.5
2,4672351,1505.5
2,4673521,1481
2,4673512,1481
2,4673251,1481
2,4673215,1481
2,4673125,1481
2,4673152,1481
2,4731562,1916
2,4731526,1671
2,4731652,1726
2,4731625,1726
2,4731265,1481
2,4731256,1671
2,4735162,1916
2,4735126,1671
2,4735612,1671
2,4735621,1671
2,4735261,1426
2,4735216,1671
2,4736512,1481
2,4736521,1481
2,4736152,1481
2,4736125,1481
2,4736215,1481
2,4736251,1481
2,4732561,1426
2,4732516,1671
2,4732651,1236
2,4732615,1236
2,4732165,1481
2,4732156,1671
2,4713562,1769
2,4713526,1524
2,4713652,1579
2,4713625,1579
2,4713265,1334
2,4713256,1524
2,4715362,1655
2,4715326,1410
2,4715632,1655
2,4715623,1679.5
2,4715263,1557
2,4715236,1557
2,4716532,1560
2,4716523,1584.5
2,4716352,1579
2,4716325,1579
2,4716235,1603.5
2,4716253,1584.5
2,4712563,1557
2,4712536,1557
2,4712653,1462
2,4712635,1481
2,4712365,1481
2,4712356,1671
2,4751362,1655
2,4751326,1410
2,4751632,1655
2,4751623,1679.5
2,4751263,1557
2,4751236,1557
2,4753162,1802
2,4753126,1557
2,4753612,1557
2,4753621,1557
2,4753261,1312
2,4753216,1557
2,4756312,1557
2,4756321,1557
2,4756132,1532.5
2,4756123,1557
2,4756213,1557
2,4756231,1581.5
2,4752361,1459
2,4752316,1704
2,4752631,1459
2,4752613,1434.5
2,4752163,1557
2,4752136,1557
2,4761532,1437.5
2,4761523,1462
2,4761352,1456.5
2,4761325,1456.5
2,4761235,1481
2,4761253,1462
2,4765132,1437.5
2,4765123,1462
2,4765312,1462
2,4765321,1462
2,4765231,1486.5
2,4765213,1462
2,4763512,1481
2,4763521,1481
2,4763152,1481
2,4763125,1481
2,4763215,1481
2,4763251,1481
2,4762531,1486.5
2,4762513,1462
2,4762351,1505.5
2,4762315,1505.5
2,4762135,1481
2,4762153,1462
2,4721563,1557
2,4721536,1557
2,4721653,1462
2,4721635,1481
2,4721365,1481
2,4721356,1671
2,4725163,1557
2,4725136,1557
2,4725613,1434.5
2,4725631,1459
2,4725361,1459
2,4725316,1704
2,4726513,1339.5
2,4726531,1364
2,4726153,1339.5
2,4726135,1358.5
2,4726315,1383
2,4726351,1383
2,4723561,1573
2,4723516,1818
2,4723651,1383
2,4723615,1383
2,4723165,1628
2,4723156,1818
2,5234167,6201
2,5234176,6201
2,5234617,3016
2,5234671,2428
2,5234761,2428
2,5234716,2673
2,5231467,6201
2,5231476,6201
2,5231647,3926
2,5231674,3506
2,5231764,3506
2,5231746,3681
2,5236147,741
2,5236174,321
2,5236417,741
2,5236471,153
2,5236741,-267
2,5236714,-267
2,5237164,-22
2,5237146,153
2,5237614,-267
2,5237641,-267
2,5237461,-92
2,5237416,153
2,5243167,4836
2,5243176,4836
2,5243617,1651
2,5243671,1063
2,5243761,1063
2,5243716,1308
2,5241367,2925
2,5241376,2925
2,5241637,2925
2,5241673,2925
2,5241763,2925
2,5241736,2925
2,5246137,1332.5
2,5246173,1332.5
2,5246317,1651
2,5246371,1063
2,5246731,1063
2,5246713,1038.5
2,5247163,1161
2,5247136,1161
2,5247613,1038.5
2,5247631,1063
2,5247361,1063
2,5247316,1308
2,5214367,2925
2,5214376,2925
2,5214637,2925
2,5214673,2925
2,5214763,2925
2,5214736,2925
2,5213467,4290
2,5213476,4290
2,5213647,2015
2,5213674,1595
2,5213764,1595
2,5213746,1770
2,5216347,2015
2,5216374,1595
2,5216437,1787.5
2,5216473,1787.5
2,5216743,1577.5
2,5216734,1595
2,5217364,1595
2,5217346,1770
2,5217634,1595
2,5217643,1577.5
2,5217463,1665
2,5217436,1665
2,5264137,195
2,5264173,195
2,5264317,513.5
2,5264371,-74.5
2,5264731,-74.5
2,5264713,-99
2,5261437,195
2,5261473,195
2,5261347,422.5
2,5261374,2.5
2,5261734,2.5
2,5261743,-15
2,5263147,741
2,5263174,321
2,5263417,741
2,5263471,153
2,5263741,-267
2,5263714,-267
2,5267134,-291.5
2,5267143,-309
2,5267314,-267
2,5267341,-267
2,5267431,-284.5
2,5267413,-309
2,5274163,-99
2,5274136,-99
2,5274613,-221.5
2,5274631,-197
2,5274361,-197
2,5274316,48
2,5271463,-99
2,5271436,-99
2,5271643,-186.5
2,5271634,-169
2,5271364,-169
2,5271346,6
2,5276143,-309
2,5276134,-291.5
2,5276413,-309
2,5276431,-284.5
2,5276341,-267
2,5276314,-267
2,5273164,-22
2,5273146,153
2,5273614,-267
2,5273641,-267
2,5273461,-92
2,5273416,153
2,5324167,4290
2,5324176,4290
2,5324617,1105
2,5324671,517
2,5324761,517
2,5324716,762
2,5321467,4290
2,5321476,4290
2,5321647,2015
2,5321674,1595
2,5321764,1595
2,5321746,1770
2,5326147,-1170
2,5326174,-1590
2,5326417,-1170
2,5326471,-1758
2,5326741,-2178
2,5326714,-2178
2,5327164,-1933
2,5327146,-1758
2,5327614,-2178
2,5327641,-2178
2,5327461,-2003
2,5327416,-1758
2,5342167,4290
2,5342176,4290
2,5342617,1105
2,5342671,517
2,5342761,517
2,5342716,762
2,5341267,4290
2,5341276,4290
2,5341627,7475
2,5341672,8063
2,5341762,8063
2,5341726,7818
2,5346127,4290
2,5346172,4878
2,5346217,4290
2,5346271,3702
2,5346721,4290
2,5346712,4290
2,5347162,4535
2,5347126,4290
2,5347612,4290
2,5347621,4290
2,5347261,4045
2,5347216,4290
2,5314267,4290
2,5314276,4290
2,5314627,7475
2,5314672,8063
2,5314762,8063
2,5314726,7818
2,5312467,4290
2,5312476,4290
2,5312647,2015
2,5312674,1595
2,5312764,1595
2,5312746,1770
2,5316247,5200
2,5316274,4780
2,5316427,5200
2,5316472,5788
2,5316742,5368
2,5316724,5368
2,5317264,5123
2,5317246,5298
2,5317624,5368
2,5317642,5368
2,5317462,5543
2,5317426,5298
2,5364127,2015
2,5364172,2603
2,5364217,2015
2,5364271,1427
2,5364721,2015
2,5364712,2015
2,5361427,2015
2,5361472,2603
2,5361247,2015
2,5361274,1595
2,5361724,2183
2,5361742,2183
2,5362147,2015
2,5362174,1595
2,5362417,2015
2,5362471,1427
2,5362741,1007
2,5362714,1007
2,5367124,1595
2,5367142,1595
2,5367214,1595
2,5367241,1595
2,5367421,1595
2,5367412,1595
2,5374162,2015
2,5374126,1770
2,5374612,1770
2,5374621,1770
2,5374261,1525
2,5374216,1770
2,5371462,2015
2,5371426,1770
2,5371642,1840
2,5371624,1840
2,5371264,1595
2,5371246,1770
2,5376142,1595
2,5376124,1595
2,5376412,1595
2,5376421,1595
2,5376241,1595
2,5376214,1595
2,5372164,1595
2,5372146,1770
2,5372614,1350
2,5372641,1350
2,5372461,1525
2,5372416,1770
2,5432167,2925
2,5432176,2925
2,5432617,-260
2,5432671,-848
2,5432761,-848
2,5432716,-603
2,5431267,2925
2,5431276,2925
2,5431627,6110
2,5431672,6698
2,5431762,6698
2,5431726,6453
2,5436127,2925
2,5436172,3513
2,5436217,2925
2,5436271,2337
2,5436721,2925
2,5436712,2925
2,5437162,3170
2,5437126,2925
2,5437612,2925
2,5437621,2925
2,5437261,2680
2,5437216,2925
2,5423167,4836
2,5423176,4836
2,5423617,1651
2,5423671,1063
2,5423761,1063
2,5423716,1308
2,5421367,2925
2,5421376,2925
2,5421637,2925
2,5421673,2925
2,5421763,2925
2,5421736,2925
2,5426137,1332.5
2,5426173,1332.5
2,5426317,1651
2,5426371,1063
2,5426731,1063
2,5426713,1038.5
2,5427163,1161
2,5427136,1161
2,5427613,1038.5
2,5427631,1063
2,5427361,1063
2,5427316,1308
2,5412367,2925
2,5412376,2925
2,5412637,2925
2,5412673,2925
2,5412763,2925
2,5412736,2925
2,5413267,1014
2,5413276,1014
2,5413627,4199
2,5413672,4787
2,5413762,4787
2,5413726,4542
2,5416327,4199
2,5416372,4787
2,5416237,4517.5
2,5416273,4517.5
2,5416723,4811.5
2,5416732,4787
2,5417362,4787
2,5417326,4542
2,5417632,4787
2,5417623,4811.5
2,5417263,4689
2,5417236,4689
2,5462137,2925
2,5462173,2925
2,5462317,3243.5
2,5462371,2655.5
2,5462731,2655.5
2,5462713,2631
2,5461237,2925
2,5461273,2925
2,5461327,2606.5
2,5461372,3194.5
2,5461732,3194.5
2,5461723,3219
2,5463127,2925
2,5463172,3513
2,5463217,2925
2,5463271,2337
2,5463721,2925
2,5463712,2925
2,5467132,2900.5
2,5467123,2925
2,5467312,2925
2,5467321,2925
2,5467231,2949.5
2,5467213,2925
2,5472163,2925
2,5472136,2925
2,5472613,2802.5
2,5472631,2827
2,5472361,2827
2,5472316,3072
2,5471263,2925
2,5471236,2925
2,5471623,3047.5
2,5471632,3023
2,5471362,3023
2,5471326,2778
2,5476123,2925
2,5476132,2900.5
2,5476213,2925
2,5476231,2949.5
2,5476321,2925
2,5476312,2925
2,5473162,3170
2,5473126,2925
2,5473612,2925
2,5473621,2925
2,5473261,2680
2,5473216,2925
2,5134267,2379
2,5134276,2379
2,5134627,5564
2,5134672,6152
2,5134762,6152
2,5134726,5907
2,5132467,2379
2,5132476,2379
2,5132647,104
2,5132674,-316
2,5132764,-316
2,5132746,-141
2,5136247,3289
2,5136274,2869
2,5136427,3289
2,5136472,3877
2,5136742,3457
2,5136724,3457
2,5137264,3212
2,5137246,3387
2,5137624,3457
2,5137642,3457
2,5137462,3632
2,5137426,3387
2,5143267,1014
2,5143276,1014
2,5143627,4199
2,5143672,4787
2,5143762,4787
2,5143726,4542
2,5142367,2925
2,5142376,2925
2,5142637,2925
2,5142673,2925
2,5142763,2925
2,5142736,2925
2,5146237,4517.5
2,5146273,4517.5
2,5146327,4199
2,5146372,4787
2,5146732,4787
2,5146723,4811.5
2,5147263,4689
2,5147236,4689
2,5147623,4811.5
2,5147632,4787
2,5147362,4787
2,5147326,4542
2,5124367,2925
2,5124376,2925
2,5124637,2925
2,5124673,2925
2,5124763,2925
2,5124736,2925
2,5123467,4290
2,5123476,4290
2,5123647,2015
2,5123674,1595
2,5123764,1595
2,5123746,1770
2,5126347,2015
2,5126374,1595
2,5126437,1787.5
2,5126473,1787.5
2,5126743,1577.5
2,5126734,1595
2,5127364,1595
2,5127346,1770
2,5127634,1595
2,5127643,1577.5
2,5127463,1665
2,5127436,1665
2,5164237,3380
2,5164273,3380
2,5164327,3061.5
2,5164372,3649.5
2,5164732,3649.5
2,5164723,3674
2,5162437,3380
2,5162473,3380
2,5162347,3607.5
2,5162374,3187.5
2,5162734,3187.5
2,5162743,3170
2,5163247,3289
2,5163274,2869
2,5163427,3289
2,5163472,3877
2,5163742,3457
2,5163724,3457
2,5167234,3481.5
2,5167243,3464
2,5167324,3457
2,5167342,3457
2,5167432,3439.5
2,5167423,3464
2,5174263,3429
2,5174236,3429
2,5174623,3551.5
2,5174632,3527
2,5174362,3527
2,5174326,3282
2,5172463,3429
2,5172436,3429
2,5172643,3341.5
2,5172634,3359
2,5172364,3359
2,5172346,3534
2,5176243,3464
2,5176234,3481.5
2,5176423,3464
2,5176432,3439.5
2,5176342,3457
2,5176324,3457
2,5173264,3212
2,5173246,3387
2,5173624,3457
2,5173642,3457
2,5173462,3632
2,5173426,3387
2,5634127,2015
2,5634172,2603
2,5634217,2015
2,5634271,1427
2,5634721,2015
2,5634712,2015
2,5631427,2015
2,5631472,2603
2,5631247,2015
2,5631274,1595
2,5631724,2183
2,5631742,2183
2,5632147,2015
2,5632174,1595
2,5632417,2015
2,5632471,1427
2,5632741,1007
2,5632714,1007
2,5637124,1595
2,5637142,1595
2,5637214,1595
2,5637241,1595
2,5637421,1595
2,5637412,1595
2,5643127,1787.5
2,5643172,2375.5
2,5643217,1787.5
2,5643271,1199.5
2,5643721,1787.5
2,5643712,1787.5
2,5641327,1469
2,5641372,2057
2,5641237,1787.5
2,5641273,1787.5
2,5641723,2081.5
2,5641732,2057
2,5642137,1787.5
2,5642173,1787.5
2,5642317,2106
2,5642371,1518
2,5642731,1518
2,5642713,1493.5
2,5647123,1787.5
2,5647132,1763
2,5647213,1787.5
2,5647231,1812
2,5647321,1787.5
2,5647312,1787.5
2,5614327,1469
2,5614372,2057
2,5614237,1787.5
2,5614273,1787.5
2,5614723,2081.5
2,5614732,2057
2,5613427,1696.5
2,5613472,2284.5
2,5613247,1696.5
2,5613274,1276.5
2,5613724,1864.5
2,5613742,1864.5
2,5612347,2015
2,5612374,1595
2,5612437,1787.5
2,5612473,1787.5
2,5612743,1577.5
2,5612734,1595
2,5617324,1864.5
2,5617342,1864.5
2,5617234,1889
2,5617243,1871.5
2,5617423,1871.5
2,5617432,1847
2,5624137,1787.5
2,5624173,1787.5
2,5624317,2106
2,5624371,1518
2,5624731,1518
2,5624713,1493.5
2,5621437,1787.5
2,5621473,1787.5
2,5621347,2015
2,5621374,1595
2,5621734,1595
2,5621743,1577.5
2,5623147,2333.5
2,5623174,1913.5
2,5623417,2333.5
2,5623471,1745.5
2,5623741,1325.5
2,5623714,1325.5
2,5627134,1301
2,5627143,1283.5
2,5627314,1325.5
2,5627341,1325.5
2,5627431,1308
2,5627413,1283.5
2,5674123,1577.5
2,5674132,1553
2,5674213,1577.5
2,5674231,1602
2,5674321,1577.5
2,5674312,1577.5
2,5671423,1577.5
2,5671432,1553
2,5671243,1577.5
2,5671234,1595
2,5671324,1570.5
2,5671342,1570.5
2,5672143,1577.5
2,5672134,1595
2,5672413,1577.5
2,5672431,1602
2,5672341,1619.5
2,5672314,1619.5
2,5673124,1595
2,5673142,1595
2,5673214,1595
2,5673241,1595
2,5673421,1595
2,5673412,1595
2,5734162,2015
2,5734126,1770
2,5734612,1770
2,5734621,1770
2,5734261,1525
2,5734216,1770
2,5731462,2015
2,5731426,1770
2,5731642,1840
2,5731624,1840
2,5731264,1595
2,5731246,1770
2,5736142,1595
2,5736124,1595
2,5736412,1595
2,5736421,1595
2,5736241,1595
2,5736214,1595
2,5732164,1595
2,5732146,1770
2,5732614,1350
2,5732641,1350
2,5732461,1525
2,5732416,1770
2,5743162,1910
2,5743126,1665
2,5743612,1665
2,5743621,1665
2,5743261,1420
2,5743216,1665
2,5741362,1763
2,5741326,1518
2,5741632,1763
2,5741623,1787.5
2,5741263,1665
2,5741236,1665
2,5746132,1640.5
2,5746123,1665
2,5746312,1665
2,5746321,1665
2,5746231,1689.5
2,5746213,1665
2,5742163,1665
2,5742136,1665
2,5742613,1542.5
2,5742631,1567
2,5742361,1567
2,5742316,1812
2,5714362,1763
2,5714326,1518
2,5714632,1763
2,5714623,1787.5
2,5714263,1665
2,5714236,1665
2,5713462,1868
2,5713426,1623
2,5713642,1693
2,5713624,1693
2,5713264,1448
2,5713246,1623
2,5716342,1693
2,5716324,1693
2,5716432,1675.5
2,5716423,1700
2,5716243,1700
2,5716234,1717.5
2,5712364,1595
2,5712346,1770
2,5712634,1595
2,5712643,1577.5
2,5712463,1665
2,5712436,1665
2,5764132,1553
2,5764123,1577.5
2,5764312,1577.5
2,5764321,1577.5
2,5764231,1602
2,5764213,1577.5
2,5761432,1553
2,5761423,1577.5
2,5761342,1570.5
2,5761324,1570.5
2,5761234,1595
2,5761243,1577.5
2,5763142,1595
2,5763124,1595
2,5763412,1595
2,5763421,1595
2,5763241,1595
2,5763214,1595
2,5762134,1595
2,5762143,1577.5
2,5762314,1619.5
2,5762341,1619.5
2,5762431,1602
2,5762413,1577.5
2,5724163,1665
2,5724136,1665
2,5724613,1542.5
2,5724631,1567
2,5724361,1567
2,5724316,1812
2,5721463,1665
2,5721436,1665
2,5721643,1577.5
2,5721634,1595
2,5721364,1595
2,5721346,1770
2,5726143,1455
2,5726134,1472.5
2,5726413,1455
2,5726431,1479.5
2,5726341,1497
2,5726314,1497
2,5723164,1742
2,5723146,1917
2,5723614,1497
2,5723641,1497
2,5723461,1672
2,5723416,1917
2,6234517,1345.5
2,6234571,757.5
2,6234157,1345.5
2,6234175,889.5
2,6234715,301.5
2,6234751,301.5
2,6235417,1345.5
2,6235471,757.5
2,6235147,1345.5
2,6235174,925.5
2,6235714,337.5
2,6235741,337.5
2,6231547,1345.5
2,6231574,925.5
2,6231457,1345.5
2,6231475,889.5
2,6231745,469.5
2,6231754,469.5
2,6237514,-118.5
2,6237541,-118.5
2,6237154,-118.5
2,6237145,-118.5
2,6237415,-118.5
2,6237451,-118.5
2,6243517,1118
2,6243571,530
2,6243157,1118
2,6243175,662
2,6243715,74
2,6243751,74
2,6245317,871
2,6245371,283
2,6245137,552.5
2,6245173,552.5
2,6245713,258.5
2,6245731,283
2,6241537,552.5
2,6241573,552.5
2,6241357,799.5
2,6241375,343.5
2,6241735,343.5
2,6241753,324.5
2,6247513,30.5
2,6247531,55
2,6247153,30.5
2,6247135,49.5
2,6247315,74
2,6247351,74
2,6254317,871
2,6254371,283
2,6254137,552.5
2,6254173,552.5
2,6254713,258.5
2,6254731,283
2,6253417,1098.5
2,6253471,510.5
2,6253147,1098.5
2,6253174,678.5
2,6253714,90.5
2,6253741,90.5
2,6251347,780
2,6251374,360
2,6251437,552.5
2,6251473,552.5
2,6251743,342.5
2,6251734,360
2,6257314,90.5
2,6257341,90.5
2,6257134,66
2,6257143,48.5
2,6257413,48.5
2,6257431,73
2,6214537,552.5
2,6214573,552.5
2,6214357,799.5
2,6214375,343.5
2,6214735,343.5
2,6214753,324.5
2,6215437,552.5
2,6215473,552.5
2,6215347,780
2,6215374,360
2,6215734,360
2,6215743,342.5
2,6213547,1027
2,6213574,607
2,6213457,1027
2,6213475,571
2,6213745,151
2,6213754,151
2,6217534,132
2,6217543,114.5
2,6217354,151
2,6217345,151
2,6217435,133.5
2,6217453,114.5
2,6274513,-179.5
2,6274531,-155
2,6274153,-179.5
2,6274135,-160.5
2,6274315,-136
2,6274351,-136
2,6275413,-179.5
2,6275431,-155
2,6275143,-179.5
2,6275134,-162
2,6275314,-137.5
2,6275341,-137.5
2,6271543,-179.5
2,6271534,-162
2,6271453,-179.5
2,6271435,-160.5
2,6271345,-143
2,6271354,-143
2,6273514,-118.5
2,6273541,-118.5
2,6273154,-118.5
2,6273145,-118.5
2,6273415,-118.5
2,6273451,-118.5
2,6324517,1027
2,6324571,439
2,6324157,1027
2,6324175,571
2,6324715,-17
2,6324751,-17
2,6325417,1027
2,6325471,439
2,6325147,1027
2,6325174,607
2,6325714,19
2,6325741,19
2,6321547,1027
2,6321574,607
2,6321457,1027
2,6321475,571
2,6321745,151
2,6321754,151
2,6327514,-437
2,6327541,-437
2,6327154,-437
2,6327145,-437
2,6327415,-437
2,6327451,-437
2,6342517,1027
2,6342571,439
2,6342157,1027
2,6342175,571
2,6342715,-17
2,6342751,-17
2,6345217,1027
2,6345271,439
2,6345127,1027
2,6345172,1615
2,6345712,1027
2,6345721,1027
2,6341527,1027
2,6341572,1615
2,6341257,1027
2,6341275,571
2,6341725,1159
2,6341752,1159
2,6347512,571
2,6347521,571
2,6347152,571
2,6347125,571
2,6347215,571
2,6347251,571
2,6354217,1027
2,6354271,439
2,6354127,1027
2,6354172,1615
2,6354712,1027
2,6354721,1027
2,6352417,1027
2,6352471,439
2,6352147,1027
2,6352174,607
2,6352714,19
2,6352741,19
2,6351247,1027
2,6351274,607
2,6351427,1027
2,6351472,1615
2,6351742,1195
2,6351724,1195
2,6357214,607
2,6357241,607
2,6357124,607
2,6357142,607
2,6357412,607
2,6357421,607
2,6314527,1027
2,6314572,1615
2,6314257,1027
2,6314275,571
2,6314725,1159
2,6314752,1159
2,6315427,1027
2,6315472,1615
2,6315247,1027
2,6315274,607
2,6315724,1195
2,6315742,1195
2,6312547,1027
2,6312574,607
2,6312457,1027
2,6312475,571
2,6312745,151
2,6312754,151
2,6317524,739
2,6317542,739
2,6317254,739
2,6317245,739
2,6317425,739
2,6317452,739
2,6374512,151
2,6374521,151
2,6374152,151
2,6374125,151
2,6374215,151
2,6374251,151
2,6375412,151
2,6375421,151
2,6375142,151
2,6375124,151
2,6375214,151
2,6375241,151
2,6371542,151
2,6371524,151
2,6371452,151
2,6371425,151
2,6371245,151
2,6371254,151
2,6372514,151
2,6372541,151
2,6372154,151
2,6372145,151
2,6372415,151
2,6372451,151
2,6432517,799.5
2,6432571,211.5
2,6432157,799.5
2,6432175,343.5
2,6432715,-244.5
2,6432751,-244.5
2,6435217,799.5
2,6435271,211.5
2,6435127,799.5
2,6435172,1387.5
2,6435712,799.5
2,6435721,799.5
2,6431527,799.5
2,6431572,1387.5
2,6431257,799.5
2,6431275,343.5
2,6431725,931.5
2,6431752,931.5
2,6437512,343.5
2,6437521,343.5
2,6437152,343.5
2,6437125,343.5
2,6437215,343.5
2,6437251,343.5
2,6423517,1118
2,6423571,530
2,6423157,1118
2,6423175,662
2,6423715,74
2,6423751,74
2,6425317,871
2,6425371,283
2,6425137,552.5
2,6425173,552.5
2,6425713,258.5
2,6425731,283
2,6421537,552.5
2,6421573,552.5
2,6421357,799.5
2,6421375,343.5
2,6421735,343.5
2,6421753,324.5
2,6427513,30.5
2,6427531,55
2,6427153,30.5
2,6427135,49.5
2,6427315,74
2,6427351,74
2,6452317,871
2,6452371,283
2,6452137,552.5
2,6452173,552.5
2,6452713,258.5
2,6452731,283
2,6453217,552.5
2,6453271,-35.5
2,6453127,552.5
2,6453172,1140.5
2,6453712,552.5
2,6453721,552.5
2,6451327,234
2,6451372,822
2,6451237,552.5
2,6451273,552.5
2,6451723,846.5
2,6451732,822
2,6457312,552.5
2,6457321,552.5
2,6457132,528
2,6457123,552.5
2,6457213,552.5
2,6457231,577
2,6412537,552.5
2,6412573,552.5
2,6412357,799.5
2,6412375,343.5
2,6412735,343.5
2,6412753,324.5
2,6415237,552.5
2,6415273,552.5
2,6415327,234
2,6415372,822
2,6415732,822
2,6415723,846.5
2,6413527,481
2,6413572,1069
2,6413257,481
2,6413275,25
2,6413725,613
2,6413752,613
2,6417532,594
2,6417523,618.5
2,6417352,613
2,6417325,613
2,6417235,637.5
2,6417253,618.5
2,6472513,324.5
2,6472531,349
2,6472153,324.5
2,6472135,343.5
2,6472315,368
2,6472351,368
2,6475213,324.5
2,6475231,349
2,6475123,324.5
2,6475132,300
2,6475312,324.5
2,6475321,324.5
2,6471523,324.5
2,6471532,300
2,6471253,324.5
2,6471235,343.5
2,6471325,319
2,6471352,319
2,6473512,343.5
2,6473521,343.5
2,6473152,343.5
2,6473125,343.5
2,6473215,343.5
2,6473251,343.5
2,6534217,780
2,6534271,192
2,6534127,780
2,6534172,1368
2,6534712,780
2,6534721,780
2,6532417,780
2,6532471,192
2,6532147,780
2,6532174,360
2,6532714,-228
2,6532741,-228
2,6531247,780
2,6531274,360
2,6531427,780
2,6531472,1368
2,6531742,948
2,6531724,948
2,6537214,360
2,6537241,360
2,6537124,360
2,6537142,360
2,6537412,360
2,6537421,360
2,6543217,552.5
2,6543271,-35.5
2,6543127,552.5
2,6543172,1140.5
2,6543712,552.5
2,6543721,552.5
2,6542317,871
2,6542371,283
2,6542137,552.5
2,6542173,552.5
2,6542713,258.5
2,6542731,283
2,6541237,552.5
2,6541273,552.5
2,6541327,234
2,6541372,822
2,6541732,822
2,6541723,846.5
2,6547213,552.5
2,6547231,577
2,6547123,552.5
2,6547132,528
2,6547312,552.5
2,6547321,552.5
2,6524317,871
2,6524371,283
2,6524137,552.5
2,6524173,552.5
2,6524713,258.5
2,6524731,283
2,6523417,1098.5
2,6523471,510.5
2,6523147,1098.5
2,6523174,678.5
2,6523714,90.5
2,6523741,90.5
2,6521347,780
2,6521374,360
2,6521437,552.5
2,6521473,552.5
2,6521743,342.5
2,6521734,360
2,6527314,90.5
2,6527341,90.5
2,6527134,66
2,6527143,48.5
2,6527413,48.5
2,6527431,73
2,6514237,552.5
2,6514273,552.5
2,6514327,234
2,6514372,822
2,6514732,822
2,6514723,846.5
2,6512437,552.5
2,6512473,552.5
2,6512347,780
2,6512374,360
2,6512734,360
2,6512743,342.5
2,6513247,461.5
2,6513274,41.5
2,6513427,461.5
2,6513472,1049.5
2,6513742,629.5
2,6513724,629.5
2,6517234,654
2,6517243,636.5
2,6517324,629.5
2,6517342,629.5
2,6517432,612
2,6517423,636.5
2,6574213,342.5
2,6574231,367
2,6574123,342.5
2,6574132,318
2,6574312,342.5
2,6574321,342.5
2,6572413,342.5
2,6572431,367
2,6572143,342.5
2,6572134,360
2,6572314,384.5
2,6572341,384.5
2,6571243,342.5
2,6571234,360
2,6571423,342.5
2,6571432,318
2,6571342,335.5
2,6571324,335.5
2,6573214,360
2,6573241,360
2,6573124,360
2,6573142,360
2,6573412,360
2,6573421,360
2,6134527,708.5
2,6134572,1296.5
2,6134257,708.5
2,6134275,252.5
2,6134725,840.5
2,6134752,840.5
2,6135427,708.5
2,6135472,1296.5
2,6135247,708.5
2,6135274,288.5
2,6135724,876.5
2,6135742,876.5
2,6132547,708.5
2,6132574,288.5
2,6132457,708.5
2,6132475,252.5
2,6132745,-167.5
2,6132754,-167.5
2,6137524,420.5
2,6137542,420.5
2,6137254,420.5
2,6137245,420.5
2,6137425,420.5
2,6137452,420.5
2,6143527,481
2,6143572,1069
2,6143257,481
2,6143275,25
2,6143725,613
2,6143752,613
2,6145327,234
2,6145372,822
2,6145237,552.5
2,6145273,552.5
2,6145723,846.5
2,6145732,822
2,6142537,552.5
2,6142573,552.5
2,6142357,799.5
2,6142375,343.5
2,6142735,343.5
2,6142753,324.5
2,6147523,618.5
2,6147532,594
2,6147253,618.5
2,6147235,637.5
2,6147325,613
2,6147352,613
2,6154327,234
2,6154372,822
2,6154237,552.5
2,6154273,552.5
2,6154723,846.5
2,6154732,822
2,6153427,461.5
2,6153472,1049.5
2,6153247,461.5
2,6153274,41.5
2,6153724,629.5
2,6153742,629.5
2,6152347,780
2,6152374,360
2,6152437,552.5
2,6152473,552.5
2,6152743,342.5
2,6152734,360
2,6157324,629.5
2,6157342,629.5
2,6157234,654
2,6157243,636.5
2,6157423,636.5
2,6157432,612
2,6124537,552.5
2,6124573,552.5
2,6124357,799.5
2,6124375,343.5
2,6124735,343.5
2,6124753,324.5
2,6125437,552.5
2,6125473,552.5
2,6125347,780
2,6125374,360
2,6125734,360
2,6125743,342.5
2,6123547,1027
2,6123574,607
2,6123457,1027
2,6123475,571
2,6123745,151
2,6123754,151
2,6127534,132
2,6127543,114.5
2,6127354,151
2,6127345,151
2,6127435,133.5
2,6127453,114.5
2,6174523,408.5
2,6174532,384
2,6174253,408.5
2,6174235,427.5
2,6174325,403
2,6174352,403
2,6175423,408.5
2,6175432,384
2,6175243,408.5
2,6175234,426
2,6175324,401.5
2,6175342,401.5
2,6172543,408.5
2,6172534,426
2,6172453,408.5
2,6172435,427.5
2,6172345,445
2,6172354,445
2,6173524,420.5
2,6173542,420.5
2,6173254,420.5
2,6173245,420.5
2,6173425,420.5
2,6173452,420.5
2,6734512,151
2,6734521,151
2,6734152,151
2,6734125,151
2,6734215,151
2,6734251,151
2,6735412,151
2,6735421,151
2,6735142,151
2,6735124,151
2,6735214,151
2,6735241,151
2,6731542,151
2,6731524,151
2,6731452,151
2,6731425,151
2,6731245,151
2,6731254,151
2,6732514,151
2,6732541,151
2,6732154,151
2,6732145,151
2,6732415,151
2,6732451,151
2,6743512,133.5
2,6743521,133.5
2,6743152,133.5
2,6743125,133.5
2,6743215,133.5
2,6743251,133.5
2,6745312,114.5
2,6745321,114.5
2,6745132,90
2,6745123,114.5
2,6745213,114.5
2,6745231,139
2,6741532,90
2,6741523,114.5
2,6741352,109
2,6741325,109
2,6741235,133.5
2,6741253,114.5
2,6742513,114.5
2,6742531,139
2,6742153,114.5
2,6742135,133.5
2,6742315,158
2,6742351,158
2,6754312,114.5
2,6754321,114.5
2,6754132,90
2,6754123,114.5
2,6754213,114.5
2,6754231,139
2,6753412,132
2,6753421,132
2,6753142,132
2,6753124,132
2,6753214,132
2,6753241,132
2,6751342,107.5
2,6751324,107.5
2,6751432,90
2,6751423,114.5
2,6751243,114.5
2,6751234,132
2,6752314,156.5
2,6752341,156.5
2,6752134,132
2,6752143,114.5
2,6752413,114.5
2,6752431,139
2,6714532,90
2,6714523,114.5
2,6714352,109
2,6714325,109
2,6714235,133.5
2,6714253,114.5
2,6715432,90
2,6715423,114.5
2,6715342,107.5
2,6715324,107.5
2,6715234,132
2,6715243,114.5
2,6713542,126.5
2,6713524,126.5
2,6713452,126.5
2,6713425,126.5
2,6713245,126.5
2,6713254,126.5
2,6712534,132
2,6712543,114.5
2,6712354,151
2,6712345,151
2,6712435,133.5
2,6712453,114.5
2,6724513,114.5
2,6724531,139
2,6724153,114.5
2,6724135,133.5
2,6724315,158
2,6724351,158
2,6725413,114.5
2,6725431,139
2,6725143,114.5
2,6725134,132
2,6725314,156.5
2,6725341,156.5
2,6721543,114.5
2,6721534,132
2,6721453,114.5
2,6721435,133.5
2,6721345,151
2,6721354,151
2,6723514,175.5
2,6723541,175.5
2,6723154,175.5
2,6723145,175.5
2,6723415,175.5
2,6723451,175.5
2,7234561,418
2,7234516,663
2,7234651,228
2,7234615,228
2,7234165,473
2,7234156,663
2,7235461,418
2,7235416,663
2,7235641,243
2,7235614,243
2,7235164,488
2,7235146,663
2,7236541,53
2,7236514,53
2,7236451,53
2,7236415,53
2,7236145,53
2,7236154,53
2,7231564,488
2,7231546,663
2,7231654,298
2,7231645,298
2,7231465,473
2,7231456,663
2,7243561,313
2,7243516,558
2,7243651,123
2,7243615,123
2,7243165,368
2,7243156,558
2,7245361,199
2,7245316,444
2,7245631,199
2,7245613,174.5
2,7245163,297
2,7245136,297
2,7246531,104
2,7246513,79.5
2,7246351,123
2,7246315,123
2,7246135,98.5
2,7246153,79.5
2,7241563,297
2,7241536,297
2,7241653,202
2,7241635,221
2,7241365,221
2,7241356,411
2,7254361,199
2,7254316,444
2,7254631,199
2,7254613,174.5
2,7254163,297
2,7254136,297
2,7253461,304
2,7253416,549
2,7253641,129
2,7253614,129
2,7253164,374
2,7253146,549
2,7256341,129
2,7256314,129
2,7256431,111.5
2,7256413,87
2,7256143,87
2,7256134,104.5
2,7251364,227
2,7251346,402
2,7251634,227
2,7251643,209.5
2,7251463,297
2,7251436,297
2,7264531,16.5
2,7264513,-8
2,7264351,35.5
2,7264315,35.5
2,7264135,11
2,7264153,-8
2,7265431,16.5
2,7265413,-8
2,7265341,34
2,7265314,34
2,7265134,9.5
2,7265143,-8
2,7263541,53
2,7263514,53
2,7263451,53
2,7263415,53
2,7263145,53
2,7263154,53
2,7261534,9.5
2,7261543,-8
2,7261354,28.5
2,7261345,28.5
2,7261435,11
2,7261453,-8
2,7214563,297
2,7214536,297
2,7214653,202
2,7214635,221
2,7214365,221
2,7214356,411
2,7215463,297
2,7215436,297
2,7215643,209.5
2,7215634,227
2,7215364,227
2,7215346,402
2,7216543,114.5
2,7216534,132
2,7216453,114.5
2,7216435,133.5
2,7216345,151
2,7216354,151
2,7213564,341
2,7213546,516
2,7213654,151
2,7213645,151
2,7213465,326
2,7213456,516
2,7324561,271
2,7324516,516
2,7324651,81
2,7324615,81
2,7324165,326
2,7324156,516
2,7325461,271
2,7325416,516
2,7325641,96
2,7325614,96
2,7325164,341
2,7325146,516
2,7326541,-94
2,7326514,-94
2,7326451,-94
2,7326415,-94
2,7326145,-94
2,7326154,-94
2,7321564,341
2,7321546,516
2,7321654,151
2,7321645,151
2,7321465,326
2,7321456,516
2,7342561,271
2,7342516,516
2,7342651,81
2,7342615,81
2,7342165,326
2,7342156,516
2,7345261,271
2,7345216,516
2,7345621,516
2,7345612,516
2,7345162,761
2,7345126,516
2,7346521,326
2,7346512,326
2,7346251,326
2,7346215,326
2,7346125,326
2,7346152,326
2,7341562,761
2,7341526,516
2,7341652,571
2,7341625,571
2,7341265,326
2,7341256,516
2,7354261,271
2,7354216,516
2,7354621,516
2,7354612,516
2,7354162,761
2,7354126,516
2,7352461,271
2,7352416,516
2,7352641,96
2,7352614,96
2,7352164,341
2,7352146,516
2,7356241,341
2,7356214,341
2,7356421,341
2,7356412,341
2,7356142,341
2,7356124,341
2,7351264,341
2,7351246,516
2,7351624,586
2,7351642,586
2,7351462,761
2,7351426,516
2,7364521,151
2,7364512,151
2,7364251,151
2,7364215,151
2,7364125,151
2,7364152,151
2,7365421,151
2,7365412,151
2,7365241,151
2,7365214,151
2,7365124,151
2,7365142,151
2,7362541,151
2,7362514,151
2,7362451,151
2,7362415,151
2,7362145,151
2,7362154,151
2,7361524,151
2,7361542,151
2,7361254,151
2,7361245,151
2,7361425,151
2,7361452,151
2,7314562,761
2,7314526,516
2,7314652,571
2,7314625,571
2,7314265,326
2,7314256,516
2,7315462,761
2,7315426,516
2,7315642,586
2,7315624,586
2,7315264,341
2,7315246,516
2,7316542,396
2,7316524,396
2,7316452,396
2,7316425,396
2,7316245,396
2,7316254,396
2,7312564,341
2,7312546,516
2,7312654,151
2,7312645,151
2,7312465,326
2,7312456,516
2,7432561,166
2,7432516,411
2,7432651,-24
2,7432615,-24
2,7432165,221
2,7432156,411
2,7435261,166
2,7435216,411
2,7435621,411
2,7435612,411
2,7435162,656
2,7435126,411
2,7436521,221
2,7436512,221
2,7436251,221
2,7436215,221
2,7436125,221
2,7436152,221
2,7431562,656
2,7431526,411
2,7431652,466
2,7431625,466
2,7431265,221
2,7431256,411
2,7423561,313
2,7423516,558
2,7423651,123
2,7423615,123
2,7423165,368
2,7423156,558
2,7425361,199
2,7425316,444
2,7425631,199
2,7425613,174.5
2,7425163,297
2,7425136,297
2,7426531,104
2,7426513,79.5
2,7426351,123
2,7426315,123
2,7426135,98.5
2,7426153,79.5
2,7421563,297
2,7421536,297
2,7421653,202
2,7421635,221
2,7421365,221
2,7421356,411
2,7452361,199
2,7452316,444
2,7452631,199
2,7452613,174.5
2,7452163,297
2,7452136,297
2,7453261,52
2,7453216,297
2,7453621,297
2,7453612,297
2,7453162,542
2,7453126,297
2,7456321,297
2,7456312,297
2,7456231,321.5
2,7456213,297
2,7456123,297
2,7456132,272.5
2,7451362,395
2,7451326,150
2,7451632,395
2,7451623,419.5
2,7451263,297
2,7451236,297
2,7462531,226.5
2,7462513,202
2,7462351,245.5
2,7462315,245.5
2,7462135,221
2,7462153,202
2,7465231,226.5
2,7465213,202
2,7465321,202
2,7465312,202
2,7465132,177.5
2,7465123,202
2,7463521,221
2,7463512,221
2,7463251,221
2,7463215,221
2,7463125,221
2,7463152,221
2,7461532,177.5
2,7461523,202
2,7461352,196.5
2,7461325,196.5
2,7461235,221
2,7461253,202
2,7412563,297
2,7412536,297
2,7412653,202
2,7412635,221
2,7412365,221
2,7412356,411
2,7415263,297
2,7415236,297
2,7415623,419.5
2,7415632,395
2,7415362,395
2,7415326,150
2,7416523,324.5
2,7416532,300
2,7416253,324.5
2,7416235,343.5
2,7416325,319
2,7416352,319
2,7413562,509
2,7413526,264
2,7413652,319
2,7413625,319
2,7413265,74
2,7413256,264
2,7534261,157
2,7534216,402
2,7534621,402
2,7534612,402
2,7534162,647
2,7534126,402
2,7532461,157
2,7532416,402
2,7532641,-18
2,7532614,-18
2,7532164,227
2,7532146,402
2,7536241,227
2,7536214,227
2,7536421,227
2,7536412,227
2,7536142,227
2,7536124,227
2,7531264,227
2,7531246,402
2,7531624,472
2,7531642,472
2,7531462,647
2,7531426,402
2,7543261,52
2,7543216,297
2,7543621,297
2,7543612,297
2,7543162,542
2,7543126,297
2,7542361,199
2,7542316,444
2,7542631,199
2,7542613,174.5
2,7542163,297
2,7542136,297
2,7546231,321.5
2,7546213,297
2,7546321,297
2,7546312,297
2,7546132,272.5
2,7546123,297
2,7541263,297
2,7541236,297
2,7541623,419.5
2,7541632,395
2,7541362,395
2,7541326,150
2,7524361,199
2,7524316,444
2,7524631,199
2,7524613,174.5
2,7524163,297
2,7524136,297
2,7523461,304
2,7523416,549
2,7523641,129
2,7523614,129
2,7523164,374
2,7523146,549
2,7526341,129
2,7526314,129
2,7526431,111.5
2,7526413,87
2,7526143,87
2,7526134,104.5
2,7521364,227
2,7521346,402
2,7521634,227
2,7521643,209.5
2,7521463,297
2,7521436,297
2,7564231,234
2,7564213,209.5
2,7564321,209.5
2,7564312,209.5
2,7564132,185
2,7564123,209.5
2,7562431,234
2,7562413,209.5
2,7562341,251.5
2,7562314,251.5
2,7562134,227
2,7562143,209.5
2,7563241,227
2,7563214,227
2,7563421,227
2,7563412,227
2,7563142,227
2,7563124,227
2,7561234,227
2,7561243,209.5
2,7561324,202.5
2,7561342,202.5
2,7561432,185
2,7561423,209.5
2,7514263,297
2,7514236,297
2,7514623,419.5
2,7514632,395
2,7514362,395
2,7514326,150
2,7512463,297
2,7512436,297
2,7512643,209.5
2,7512634,227
2,7512364,227
2,7512346,402
2,7516243,332
2,7516234,349.5
2,7516423,332
2,7516432,307.5
2,7516342,325
2,7516324,325
2,7513264,80
2,7513246,255
2,7513624,325
2,7513642,325
2,7513462,500
2,7513426,255
2,7634521,151
2,7634512,151
2,7634251,151
2,7634215,151
2,7634125,151
2,7634152,151
2,7635421,151
2,7635412,151
2,7635241,151
2,7635214,151
2,7635124,151
2,7635142,151
2,7632541,151
2,7632514,151
2,7632451,151
2,7632415,151
2,7632145,151
2,7632154,151
2,7631524,151
2,7631542,151
2,7631254,151
2,7631245,151
2,7631425,151
2,7631452,151
2,7643521,133.5
2,7643512,133.5
2,7643251,133.5
2,7643215,133.5
2,7643125,133.5
2,7643152,133.5
2,7645321,114.5
2,7645312,114.5
2,7645231,139
2,7645213,114.5
2,7645123,114.5
2,7645132,90
2,7642531,139
2,7642513,114.5
2,7642351,158
2,7642315,158
2,7642135,133.5
2,7642153,114.5
2,7641523,114.5
2,7641532,90
2,7641253,114.5
2,7641235,133.5
2,7641325,109
2,7641352,109
2,7654321,114.5
2,7654312,114.5
2,7654231,139
2,7654213,114.5
2,7654123,114.5
2,7654132,90
2,7653421,132
2,7653412,132
2,7653241,132
2,7653214,132
2,7653124,132
2,7653142,132
2,7652341,156.5
2,7652314,156.5
2,7652431,139
2,7652413,114.5
2,7652143,114.5
2,7652134,132
2,7651324,107.5
2,7651342,107.5
2,7651234,132
2,7651243,114.5
2,7651423,114.5
2,7651432,90
2,7624531,139
2,7624513,114.5
2,7624351,158
2,7624315,158
2,7624135,133.5
2,7624153,114.5
2,7625431,139
2,7625413,114.5
2,7625341,156.5
2,7625314,156.5
2,7625134,132
2,7625143,114.5
2,7623541,175.5
2,7623514,175.5
2,7623451,175.5
2,7623415,175.5
2,7623145,175.5
2,7623154,175.5
2,7621534,132
2,7621543,114.5
2,7621354,151
2,7621345,151
2,7621435,133.5
2,7621453,114.5
2,7614523,114.5
2,7614532,90
2,7614253,114.5
2,7614235,133.5
2,7614325,109
2,7614352,109
2,7615423,114.5
2,7615432,90
2,7615243,114.5
2,7615234,132
2,7615324,107.5
2,7615342,107.5
2,7612543,114.5
2,7612534,132
2,7612453,114.5
2,7612435,133.5
2,7612345,151
2,7612354,151
2,7613524,126.5
2,7613542,126.5
2,7613254,126.5
2,7613245,126.5
2,7613425,126.5
2,7613452,126.5
2,7134562,614
2,7134526,369
2,7134652,424
2,7134625,424
2,7134265,179
2,7134256,369
2,7135462,614
2,7135426,369
2,7135642,439
2,7135624,439
2,7135264,194
2,7135246,369
2,7136542,249
2,7136524,249
2,7136452,249
2,7136425,249
2,7136245,249
2,7136254,249
2,7132564,194
2,7132546,369
2,7132654,4
2,7132645,4
2,7132465,179
2,7132456,369
2,7143562,509
2,7143526,264
2,7143652,319
2,7143625,319
2,7143265,74
2,7143256,264
2,7145362,395
2,7145326,150
2,7145632,395
2,7145623,419.5
2,7145263,297
2,7145236,297
2,7146532,300
2,7146523,324.5
2,7146352,319
2,7146325,319
2,7146235,343.5
2,7146253,324.5
2,7142563,297
2,7142536,297
2,7142653,202
2,7142635,221
2,7142365,221
2,7142356,411
2,7154362,395
2,7154326,150
2,7154632,395
2,7154623,419.5
2,7154263,297
2,7154236,297
2,7153462,500
2,7153426,255
2,7153642,325
2,7153624,325
2,7153264,80
2,7153246,255
2,7156342,325
2,7156324,325
2,7156432,307.5
2,7156423,332
2,7156243,332
2,7156234,349.5
2,7152364,227
2,7152346,402
2,7152634,227
2,7152643,209.5
2,7152463,297
2,7152436,297
2,7164532,212.5
2,7164523,237
2,7164352,231.5
2,7164325,231.5
2,7164235,256
2,7164253,237
2,7165432,212.5
2,7165423,237
2,7165342,230
2,7165324,230
2,7165234,254.5
2,7165243,237
2,7163542,249
2,7163524,249
2,7163452,249
2,7163425,249
2,7163245,249
2,7163254,249
2,7162534,254.5
2,7162543,237
2,7162354,273.5
2,7162345,273.5
2,7162435,256
2,7162453,237
2,7124563,297
2,7124536,297
2,7124653,202
2,7124635,221
2,7124365,221
2,7124356,411
2,7125463,297
2,7125436,297
2,7125643,209.5
2,7125634,227
2,7125364,227
2,7125346,402
2,7126543,114.5
2,7126534,132
2,7126453,114.5
2,7126435,133.5
2,7126345,151
2,7126354,151
2,7123564,341
2,7123546,516
2,7123654,151
2,7123645,151
2,7123465,326
2,7123456,516
